1, 17, 2
1, 33, 1
1, 52, 1
1, 72, 1
1, 76, 1
1, 93, 1
1, 192, 1
1, 272, 1
1, 288, 1
1, 424, 1
1, 465, 1
1, 650, 1
1, 679, 1
1, 876, 1
1, 935, 1
1, 1289, 1
1, 1316, 1
1, 1580, 1
1, 2399, 1
1, 2726, 1
1, 3319, 2
1, 4735, 1
1, 4838, 1
1, 5402, 1
1, 5610, 1
1, 7265, 1
1, 8120, 1
2, 43, 5
2, 81, 1
2, 116, 2
2, 129, 1
2, 381, 2
2, 535, 1
2, 695, 2
2, 873, 1
2, 1177, 1
2, 1310, 1
2, 2070, 3
2, 3775, 1
2, 4318, 1
2, 4589, 1
2, 5909, 1
2, 6672, 1
2, 6739, 1
2, 7416, 1
2, 7418, 1
2, 7685, 1
2, 7821, 1
2, 8184, 1
2, 8240, 1
2, 8460, 1
2, 9043, 1
2, 9404, 1
2, 9586, 1
2, 10498, 1
2, 10616, 1
2, 10673, 1
2, 10686, 1
2, 10820, 1
2, 11086, 1
2, 11212, 1
2, 11387, 1
3, 4, 1
3, 8, 1
3, 11, 1
3, 14, 2
3, 16, 1
3, 17, 2
3, 36, 1
3, 43, 15
3, 51, 1
3, 52, 1
3, 55, 1
3, 81, 1
3, 101, 2
3, 107, 1
3, 110, 1
3, 118, 2
3, 125, 6
3, 168, 1
3, 191, 1
3, 204, 2
3, 211, 1
3, 219, 1
3, 225, 3
3, 251, 1
3, 255, 1
3, 274, 1
3, 279, 1
3, 292, 1
3, 295, 1
3, 300, 1
3, 313, 1
3, 332, 1
3, 342, 2
3, 348, 3
3, 381, 4
3, 426, 1
3, 453, 1
3, 459, 1
3, 480, 3
3, 510, 1
3, 512, 1
3, 517, 3
3, 554, 2
3, 618, 1
3, 621, 1
3, 650, 2
3, 653, 1
3, 688, 1
3, 693, 1
3, 695, 2
3, 709, 1
3, 771, 1
3, 834, 1
3, 873, 4
3, 898, 1
3, 992, 1
3, 1003, 2
3, 1004, 1
3, 1010, 1
3, 1037, 2
3, 1099, 1
3, 1126, 1
3, 1198, 1
3, 1209, 1
3, 1221, 1
3, 1224, 2
3, 1258, 1
3, 1359, 1
3, 1438, 1
3, 1448, 1
3, 1450, 4
3, 1471, 1
3, 1501, 1
3, 1506, 2
3, 1509, 1
3, 1543, 2
3, 1546, 8
3, 1566, 1
3, 1609, 1
3, 1657, 1
3, 1753, 8
3, 2070, 2
3, 2076, 2
3, 2101, 6
3, 2142, 1
3, 2163, 2
3, 2222, 5
3, 2471, 1
3, 2503, 1
3, 2509, 3
3, 2543, 1
3, 2584, 1
3, 2682, 1
3, 2779, 2
3, 2826, 1
3, 2887, 1
3, 2895, 4
3, 2942, 1
3, 3066, 1
3, 3070, 1
3, 3100, 4
3, 3204, 1
3, 3323, 3
3, 3326, 1
3, 3362, 2
3, 3364, 2
3, 3938, 1
3, 4069, 2
3, 4089, 1
3, 4157, 2
3, 4172, 2
3, 4211, 1
3, 4356, 2
3, 4438, 1
3, 4448, 2
3, 4517, 2
3, 4553, 1
3, 4589, 1
3, 4628, 2
3, 4637, 2
3, 4673, 2
3, 4733, 1
3, 4747, 2
3, 4793, 1
3, 4809, 1
3, 4837, 2
3, 4843, 2
3, 4879, 2
3, 4890, 1
3, 5008, 2
3, 5052, 1
3, 5288, 2
3, 5299, 1
3, 5419, 2
3, 5427, 1
3, 5444, 1
3, 5475, 1
3, 5534, 2
3, 5558, 2
3, 5622, 2
3, 5737, 1
3, 5772, 2
3, 5822, 1
3, 6213, 1
3, 6216, 1
3, 6221, 1
3, 6492, 1
3, 6626, 1
3, 6745, 1
3, 6827, 1
3, 6853, 1
3, 6861, 1
3, 6917, 1
3, 6932, 1
3, 7150, 1
3, 7173, 1
3, 7276, 1
3, 7307, 1
3, 7319, 1
3, 7361, 1
3, 7401, 1
3, 7514, 1
3, 7522, 1
3, 7555, 1
3, 7561, 1
3, 7676, 1
3, 7709, 1
3, 7713, 1
3, 7848, 1
3, 7890, 1
3, 7910, 1
3, 7944, 1
3, 8002, 1
3, 8052, 1
3, 8056, 1
3, 8260, 1
3, 8417, 1
3, 8545, 1
3, 8582, 1
3, 8592, 1
3, 8612, 1
3, 8638, 1
3, 8670, 1
3, 8716, 1
3, 8750, 1
3, 8827, 1
3, 8965, 1
3, 9024, 1
3, 9124, 1
3, 9209, 1
3, 9364, 1
3, 9367, 1
3, 9382, 1
3, 9492, 1
3, 9541, 1
3, 9717, 1
3, 9777, 1
3, 10064, 1
3, 10100, 1
3, 10103, 1
3, 10366, 1
3, 10472, 1
3, 10477, 1
3, 10608, 1
3, 10618, 1
3, 10784, 1
3, 10786, 1
3, 10853, 1
3, 10937, 1
3, 10960, 1
3, 11044, 1
3, 11209, 1
3, 11366, 1
4, 12, 1
4, 26, 1
4, 40, 1
4, 43, 6
4, 55, 4
4, 61, 4
4, 110, 1
4, 137, 1
4, 164, 2
4, 176, 2
4, 231, 3
4, 246, 1
4, 261, 1
4, 306, 1
4, 378, 1
4, 417, 1
4, 429, 1
4, 446, 1
4, 477, 2
4, 486, 1
4, 491, 1
4, 499, 1
4, 553, 4
4, 573, 1
4, 642, 1
4, 674, 1
4, 834, 1
4, 930, 1
4, 977, 2
4, 1059, 1
4, 1215, 1
4, 1436, 1
4, 1548, 1
4, 1662, 3
4, 1783, 1
4, 2621, 1
4, 2706, 1
4, 2806, 1
4, 2824, 2
4, 2906, 1
4, 2931, 1
4, 3191, 1
4, 3546, 1
4, 3642, 1
4, 3698, 2
4, 4164, 1
4, 4674, 1
4, 4741, 1
4, 4935, 2
4, 5611, 2
4, 6069, 1
4, 6305, 1
4, 6316, 1
4, 6407, 1
4, 6677, 1
4, 6693, 1
4, 7490, 1
4, 7530, 1
4, 7905, 1
4, 8126, 1
4, 8941, 1
4, 9668, 1
4, 10156, 1
4, 10868, 1
5, 5, 1
5, 14, 1
5, 49, 1
5, 83, 3
5, 116, 1
5, 137, 1
5, 144, 1
5, 233, 2
5, 253, 1
5, 359, 1
5, 380, 1
5, 467, 1
5, 613, 2
5, 638, 1
5, 741, 1
5, 788, 1
5, 902, 3
5, 1028, 1
5, 1074, 1
5, 1199, 1
5, 1278, 1
5, 1405, 1
5, 1432, 1
5, 1602, 1
5, 1624, 1
5, 1847, 1
5, 1952, 1
5, 2021, 1
5, 2622, 1
5, 2668, 1
5, 2793, 1
5, 3024, 1
5, 3148, 1
5, 3278, 1
5, 3676, 2
5, 3857, 1
5, 7952, 1
5, 8168, 1
5, 8733, 1
5, 9599, 1
5, 10574, 1
6, 4, 1
6, 16, 1
6, 102, 1
6, 130, 1
6, 357, 1
6, 360, 1
6, 399, 1
6, 571, 1
6, 1472, 1
6, 2928, 1
6, 4275, 2
6, 5629, 2
7, 8, 2
7, 27, 2
7, 32, 1
7, 37, 4
7, 41, 1
7, 88, 1
7, 102, 2
7, 105, 1
7, 106, 1
7, 115, 1
7, 130, 2
7, 133, 1
7, 175, 2
7, 176, 1
7, 179, 1
7, 181, 1
7, 182, 2
7, 184, 1
7, 197, 3
7, 213, 3
7, 260, 1
7, 290, 2
7, 294, 1
7, 303, 1
7, 311, 1
7, 315, 3
7, 337, 2
7, 349, 6
7, 358, 1
7, 362, 1
7, 364, 1
7, 388, 5
7, 411, 1
7, 442, 3
7, 465, 1
7, 552, 1
7, 570, 1
7, 578, 1
7, 583, 1
7, 614, 1
7, 631, 1
7, 637, 2
7, 652, 1
7, 702, 3
7, 736, 2
7, 796, 1
7, 934, 1
7, 941, 1
7, 963, 1
7, 991, 2
7, 1005, 1
7, 1049, 1
7, 1057, 1
7, 1060, 1
7, 1077, 1
7, 1118, 1
7, 1152, 1
7, 1171, 1
7, 1220, 1
7, 1234, 2
7, 1239, 1
7, 1337, 1
7, 1371, 1
7, 1407, 1
7, 1503, 2
7, 1675, 1
7, 1794, 2
7, 1907, 1
7, 1964, 1
7, 2062, 1
7, 2188, 1
7, 2279, 1
7, 2359, 1
7, 2381, 3
7, 2440, 1
7, 2519, 1
7, 2643, 1
7, 2731, 1
7, 2836, 1
7, 2850, 1
7, 3081, 1
7, 3155, 2
7, 3294, 1
7, 3300, 1
7, 3341, 1
7, 3346, 3
7, 3390, 1
7, 3425, 3
7, 3651, 2
7, 3679, 1
7, 4455, 2
7, 4536, 2
7, 4642, 2
7, 4777, 1
7, 4832, 1
7, 4994, 2
7, 5653, 1
7, 6055, 1
7, 6239, 1
7, 6673, 1
7, 6706, 1
7, 6955, 1
7, 6997, 1
7, 7686, 1
7, 7734, 1
7, 7804, 1
7, 9453, 1
7, 9457, 1
7, 9799, 1
7, 10293, 1
7, 10780, 1
7, 10990, 1
8, 4, 1
8, 5, 1
8, 8, 1
8, 12, 1
8, 26, 1
8, 33, 1
8, 34, 1
8, 69, 2
8, 74, 1
8, 94, 1
8, 100, 1
8, 106, 1
8, 110, 1
8, 111, 1
8, 119, 1
8, 125, 1
8, 130, 1
8, 132, 1
8, 168, 1
8, 184, 1
8, 187, 1
8, 188, 1
8, 196, 1
8, 202, 1
8, 208, 1
8, 240, 1
8, 254, 1
8, 261, 1
8, 266, 1
8, 282, 2
8, 304, 2
8, 306, 1
8, 327, 1
8, 328, 3
8, 339, 1
8, 354, 1
8, 371, 1
8, 489, 1
8, 502, 1
8, 544, 4
8, 596, 1
8, 630, 1
8, 653, 3
8, 679, 1
8, 683, 1
8, 692, 1
8, 699, 1
8, 719, 2
8, 739, 1
8, 740, 1
8, 757, 1
8, 801, 1
8, 803, 1
8, 905, 1
8, 937, 1
8, 969, 1
8, 1069, 8
8, 1110, 1
8, 1150, 1
8, 1248, 1
8, 1271, 1
8, 1275, 1
8, 1280, 1
8, 1485, 1
8, 1593, 9
8, 1608, 1
8, 1732, 1
8, 1834, 1
8, 1864, 1
8, 1926, 1
8, 1933, 1
8, 2061, 1
8, 2076, 2
8, 2166, 2
8, 2226, 1
8, 2291, 1
8, 2487, 1
8, 2535, 2
8, 2621, 1
8, 2640, 1
8, 2970, 1
8, 3148, 1
8, 3201, 1
8, 3208, 2
8, 3263, 2
8, 3322, 1
8, 3695, 1
8, 3696, 2
8, 3785, 1
8, 4197, 1
8, 4202, 1
8, 4294, 1
8, 4359, 1
8, 4363, 1
8, 4424, 1
8, 4730, 1
8, 4757, 1
8, 4793, 1
8, 5102, 1
8, 5283, 2
8, 5468, 1
8, 5702, 1
8, 5720, 1
8, 5729, 1
8, 5737, 1
8, 5779, 1
8, 5806, 2
8, 5973, 1
8, 5987, 1
8, 6290, 1
8, 6313, 1
8, 6319, 1
8, 6351, 1
8, 6354, 1
8, 6390, 1
8, 6586, 1
8, 6639, 1
8, 6908, 1
8, 6976, 1
8, 7049, 1
8, 7079, 1
8, 7112, 1
8, 7239, 1
8, 7348, 1
8, 7483, 1
8, 7515, 1
8, 7527, 1
8, 7570, 1
8, 7636, 1
8, 7739, 1
8, 7785, 1
8, 7832, 1
8, 7875, 1
8, 8247, 1
8, 8338, 1
8, 8370, 1
8, 8521, 1
8, 8637, 1
8, 8968, 1
8, 9048, 1
8, 9147, 1
8, 9155, 1
8, 9232, 1
8, 9246, 1
8, 9373, 1
8, 9562, 1
8, 9604, 1
8, 9774, 1
8, 9932, 1
8, 9939, 1
8, 10061, 1
8, 10105, 1
8, 10194, 1
8, 10466, 1
8, 10633, 1
8, 10892, 1
8, 10968, 1
8, 10985, 1
8, 11264, 1
8, 11401, 1
8, 11405, 1
9, 7, 1
9, 8, 2
9, 17, 1
9, 21, 1
9, 22, 1
9, 24, 1
9, 27, 1
9, 39, 2
9, 46, 1
9, 71, 1
9, 75, 1
9, 83, 1
9, 103, 1
9, 105, 1
9, 116, 2
9, 124, 1
9, 128, 1
9, 197, 1
9, 201, 1
9, 207, 1
9, 222, 1
9, 228, 1
9, 234, 1
9, 258, 1
9, 306, 1
9, 307, 1
9, 325, 1
9, 330, 1
9, 355, 1
9, 394, 1
9, 455, 1
9, 474, 1
9, 578, 1
9, 612, 1
9, 626, 2
9, 696, 1
9, 714, 1
9, 745, 1
9, 831, 1
9, 924, 1
9, 931, 4
9, 941, 1
9, 963, 1
9, 990, 1
9, 1067, 5
9, 1110, 1
9, 1228, 1
9, 1350, 1
9, 1377, 1
9, 1464, 1
9, 1513, 1
9, 1552, 1
9, 1598, 1
9, 1671, 1
9, 1680, 1
9, 2478, 1
9, 3049, 1
9, 3241, 1
9, 3277, 1
9, 3802, 1
9, 4122, 1
9, 4583, 1
9, 4610, 1
9, 4721, 1
9, 4755, 1
9, 5290, 1
9, 5399, 1
9, 5868, 1
9, 6141, 1
9, 7072, 1
9, 7498, 1
9, 7873, 1
9, 8272, 1
9, 8297, 1
9, 8453, 1
9, 10861, 1
9, 11226, 1
9, 11297, 1
10, 2, 1
10, 4, 9
10, 36, 1
10, 38, 2
10, 74, 1
10, 80, 1
10, 83, 1
10, 84, 1
10, 88, 1
10, 90, 1
10, 100, 2
10, 116, 2
10, 125, 1
10, 129, 1
10, 130, 1
10, 132, 1
10, 136, 4
10, 145, 1
10, 166, 2
10, 169, 3
10, 176, 3
10, 202, 1
10, 226, 1
10, 228, 2
10, 232, 1
10, 249, 1
10, 265, 1
10, 291, 1
10, 306, 4
10, 313, 1
10, 317, 1
10, 397, 1
10, 453, 3
10, 469, 1
10, 470, 1
10, 481, 1
10, 503, 2
10, 537, 1
10, 539, 1
10, 552, 3
10, 566, 1
10, 571, 1
10, 577, 1
10, 741, 1
10, 907, 2
10, 1136, 1
10, 1166, 1
10, 1227, 1
10, 1228, 1
10, 1408, 4
10, 1680, 1
10, 1714, 1
10, 2019, 1
10, 2457, 1
10, 2858, 2
10, 2990, 1
10, 3361, 1
10, 3445, 1
10, 4262, 1
10, 5979, 1
10, 6214, 1
10, 6293, 1
10, 6948, 1
10, 8409, 1
10, 9106, 1
11, 4, 1
11, 21, 2
11, 24, 1
11, 41, 1
11, 72, 1
11, 105, 1
11, 145, 1
11, 208, 1
11, 218, 1
11, 219, 1
11, 394, 1
11, 395, 1
11, 456, 1
11, 463, 1
11, 542, 1
11, 555, 1
11, 556, 1
11, 598, 1
11, 621, 1
11, 771, 1
11, 772, 1
11, 929, 1
11, 931, 1
11, 1067, 1
11, 1217, 1
11, 1231, 1
11, 1603, 1
11, 1667, 1
11, 2061, 1
11, 3542, 1
11, 3546, 1
11, 3780, 1
11, 4119, 1
11, 4179, 1
11, 4222, 1
11, 4261, 1
11, 4424, 1
11, 4606, 1
11, 4616, 1
11, 4909, 1
11, 4945, 1
11, 5053, 1
11, 5106, 1
11, 5269, 1
11, 5425, 1
11, 7039, 1
11, 8312, 1
11, 9514, 1
11, 10371, 1
11, 10379, 1
11, 10619, 1
11, 10684, 1
11, 11200, 1
11, 11342, 1
12, 4, 1
12, 10, 1
12, 38, 1
12, 41, 1
12, 88, 1
12, 116, 1
12, 130, 1
12, 156, 1
12, 180, 1
12, 192, 1
12, 559, 1
12, 1350, 1
12, 1578, 1
12, 2151, 1
12, 2818, 1
12, 2867, 1
12, 6241, 1
12, 8689, 1
12, 11025, 1
13, 4, 3
13, 38, 2
13, 44, 1
13, 52, 1
13, 116, 2
13, 169, 1
13, 233, 1
13, 266, 1
13, 306, 1
13, 317, 1
13, 327, 1
13, 360, 1
13, 413, 1
13, 483, 1
13, 600, 1
13, 652, 1
13, 659, 1
13, 737, 1
13, 756, 1
13, 987, 1
13, 1067, 1
13, 1405, 1
13, 1521, 1
13, 1522, 1
13, 1540, 1
13, 1556, 1
13, 1680, 1
13, 1690, 1
13, 1736, 1
13, 1796, 1
13, 1988, 1
13, 2161, 1
13, 2440, 2
13, 2658, 1
13, 2950, 1
13, 3319, 1
13, 3761, 1
13, 4331, 1
13, 4749, 1
13, 5554, 1
13, 8634, 1
13, 8879, 1
13, 10622, 1
14, 37, 1
14, 57, 1
14, 94, 1
14, 105, 2
14, 116, 1
14, 202, 1
14, 219, 1
14, 226, 1
14, 306, 1
14, 384, 1
14, 434, 1
14, 449, 1
14, 641, 1
14, 683, 1
14, 726, 2
14, 748, 1
14, 1088, 1
14, 1792, 1
14, 1847, 1
14, 1858, 1
14, 2516, 1
14, 6342, 1
14, 7282, 1
14, 7338, 1
14, 7363, 1
14, 8792, 1
14, 9421, 1
14, 9655, 1
15, 7, 3
15, 8, 2
15, 12, 1
15, 15, 1
15, 21, 1
15, 33, 2
15, 37, 5
15, 38, 2
15, 39, 1
15, 41, 1
15, 44, 1
15, 48, 1
15, 64, 1
15, 71, 1
15, 87, 1
15, 102, 2
15, 104, 1
15, 105, 7
15, 106, 3
15, 107, 1
15, 115, 1
15, 116, 1
15, 122, 1
15, 123, 1
15, 125, 1
15, 139, 1
15, 145, 1
15, 156, 1
15, 161, 1
15, 169, 1
15, 174, 1
15, 180, 1
15, 190, 2
15, 203, 1
15, 207, 2
15, 213, 1
15, 215, 1
15, 216, 1
15, 226, 1
15, 228, 1
15, 231, 1
15, 251, 1
15, 252, 1
15, 256, 1
15, 262, 1
15, 287, 1
15, 290, 1
15, 292, 1
15, 294, 1
15, 301, 1
15, 304, 1
15, 313, 1
15, 317, 2
15, 327, 3
15, 360, 1
15, 372, 1
15, 394, 1
15, 401, 1
15, 407, 1
15, 432, 1
15, 438, 4
15, 487, 1
15, 493, 1
15, 533, 1
15, 574, 1
15, 578, 2
15, 600, 1
15, 612, 1
15, 624, 1
15, 675, 1
15, 683, 1
15, 717, 1
15, 726, 1
15, 741, 1
15, 792, 1
15, 797, 2
15, 837, 1
15, 874, 2
15, 876, 1
15, 877, 1
15, 885, 2
15, 905, 1
15, 941, 1
15, 945, 2
15, 951, 1
15, 980, 2
15, 986, 1
15, 1010, 1
15, 1033, 1
15, 1042, 1
15, 1071, 1
15, 1093, 1
15, 1176, 1
15, 1251, 1
15, 1252, 1
15, 1458, 1
15, 1462, 1
15, 1611, 1
15, 1647, 1
15, 1751, 1
15, 1914, 1
15, 2112, 1
15, 2129, 1
15, 2190, 1
15, 2230, 1
15, 2263, 1
15, 2344, 1
15, 2397, 1
15, 2501, 1
15, 2688, 1
15, 2750, 4
15, 2898, 1
15, 2974, 1
15, 3024, 1
15, 3034, 1
15, 3118, 1
15, 3266, 1
15, 3269, 1
15, 3440, 1
15, 3541, 1
15, 3603, 1
15, 3644, 1
15, 3705, 2
15, 3717, 1
15, 3728, 2
15, 3826, 1
15, 3891, 1
15, 4371, 1
15, 4423, 2
15, 5186, 2
15, 5477, 2
15, 7322, 1
15, 9011, 1
15, 9097, 1
15, 9987, 1
15, 10170, 1
15, 10528, 1
15, 10956, 1
16, 4, 1
16, 5, 1
16, 16, 1
16, 33, 2
16, 107, 1
16, 145, 2
16, 192, 1
16, 311, 2
16, 361, 1
16, 452, 1
16, 469, 1
16, 553, 1
16, 631, 1
16, 736, 2
16, 818, 1
16, 991, 2
16, 1034, 1
16, 1376, 1
16, 1849, 1
16, 2071, 1
16, 2999, 1
16, 3148, 1
16, 3435, 2
16, 3474, 1
16, 3590, 1
16, 5348, 1
16, 7932, 1
17, 8, 1
17, 24, 1
17, 36, 2
17, 38, 1
17, 41, 1
17, 49, 2
17, 61, 1
17, 72, 3
17, 73, 1
17, 78, 1
17, 93, 1
17, 106, 1
17, 125, 3
17, 136, 1
17, 144, 1
17, 145, 7
17, 150, 1
17, 161, 1
17, 192, 1
17, 197, 1
17, 211, 1
17, 227, 3
17, 239, 1
17, 246, 1
17, 256, 1
17, 264, 1
17, 265, 5
17, 288, 1
17, 290, 1
17, 358, 1
17, 361, 1
17, 371, 3
17, 449, 1
17, 458, 1
17, 470, 1
17, 476, 1
17, 483, 1
17, 486, 1
17, 493, 1
17, 531, 1
17, 536, 1
17, 537, 1
17, 554, 1
17, 563, 2
17, 577, 1
17, 656, 2
17, 692, 1
17, 724, 1
17, 735, 2
17, 774, 1
17, 818, 1
17, 830, 1
17, 844, 1
17, 931, 1
17, 961, 1
17, 991, 1
17, 1005, 1
17, 1013, 2
17, 1048, 1
17, 1239, 1
17, 1289, 1
17, 1349, 1
17, 1429, 1
17, 1445, 1
17, 1453, 1
17, 1503, 1
17, 1541, 3
17, 1594, 2
17, 1611, 3
17, 1615, 2
17, 1656, 1
17, 1696, 4
17, 1815, 2
17, 1818, 1
17, 1841, 1
17, 1902, 1
17, 1977, 1
17, 2002, 2
17, 2008, 1
17, 2062, 1
17, 2286, 1
17, 2315, 3
17, 2528, 1
17, 2781, 1
17, 2882, 1
17, 2942, 1
17, 2954, 1
17, 3341, 1
17, 3354, 1
17, 3390, 1
17, 3418, 2
17, 3511, 2
17, 3766, 2
17, 3924, 1
17, 4833, 2
17, 4858, 1
17, 4890, 1
17, 5020, 1
17, 5034, 1
17, 5284, 2
17, 5428, 1
17, 6086, 1
17, 6760, 1
17, 7130, 1
17, 7369, 1
17, 7506, 1
17, 7651, 1
17, 8175, 1
17, 8194, 1
17, 8219, 1
17, 8770, 1
17, 9010, 1
17, 9022, 1
17, 9253, 1
17, 9325, 1
17, 9347, 1
17, 9643, 1
17, 10232, 1
17, 10419, 1
17, 10731, 1
17, 11069, 1
17, 11285, 1
18, 4, 1
18, 6, 1
18, 8, 1
18, 49, 1
18, 104, 1
18, 116, 2
18, 149, 1
18, 158, 1
18, 169, 3
18, 186, 1
18, 213, 1
18, 221, 1
18, 245, 1
18, 278, 2
18, 301, 1
18, 306, 1
18, 337, 1
18, 342, 1
18, 495, 1
18, 559, 1
18, 578, 1
18, 754, 1
18, 881, 1
18, 1143, 1
18, 1230, 1
18, 1239, 1
18, 1641, 1
18, 1725, 1
18, 2397, 1
18, 2843, 3
18, 3085, 1
18, 3657, 2
18, 3671, 1
18, 3700, 1
18, 3823, 1
18, 3841, 1
18, 4513, 2
18, 5446, 1
18, 7891, 1
18, 8720, 1
18, 8888, 1
18, 9602, 1
19, 11, 2
19, 31, 1
19, 93, 1
19, 192, 1
19, 571, 1
19, 659, 1
19, 1073, 1
19, 1280, 1
19, 1409, 1
19, 1697, 1
19, 2731, 1
19, 3614, 1
19, 7268, 1
19, 9698, 1
20, 11, 2
20, 24, 1
20, 33, 2
20, 37, 1
20, 48, 1
20, 52, 2
20, 57, 4
20, 87, 1
20, 91, 1
20, 99, 1
20, 104, 1
20, 192, 1
20, 231, 1
20, 372, 1
20, 506, 1
20, 533, 1
20, 574, 1
20, 873, 1
20, 1073, 1
20, 1251, 1
20, 1485, 1
20, 1532, 1
20, 2465, 1
20, 2471, 1
20, 2974, 1
20, 3034, 1
20, 3126, 1
20, 3541, 1
20, 3717, 1
20, 3774, 1
20, 4770, 1
20, 4862, 2
20, 6482, 1
20, 7803, 1
20, 8326, 1
20, 8719, 1
20, 9878, 1
21, 17, 3
21, 21, 1
21, 38, 2
21, 52, 2
21, 100, 1
21, 144, 1
21, 192, 1
21, 196, 1
21, 251, 1
21, 289, 1
21, 352, 1
21, 484, 1
21, 528, 1
21, 713, 1
21, 774, 1
21, 801, 1
21, 931, 2
21, 982, 1
21, 1067, 3
21, 1110, 2
21, 1153, 1
21, 1606, 1
21, 1652, 1
21, 2110, 1
21, 3417, 1
21, 7858, 1
21, 8123, 1
22, 8, 1
22, 9, 2
22, 15, 1
22, 31, 1
22, 40, 1
22, 44, 2
22, 52, 1
22, 88, 1
22, 101, 1
22, 103, 1
22, 119, 1
22, 161, 1
22, 168, 3
22, 169, 1
22, 178, 2
22, 196, 1
22, 199, 1
22, 206, 1
22, 227, 1
22, 241, 1
22, 244, 1
22, 276, 1
22, 349, 4
22, 353, 1
22, 369, 1
22, 633, 1
22, 690, 1
22, 758, 1
22, 842, 1
22, 913, 1
22, 1185, 1
22, 1309, 1
22, 1803, 1
22, 1925, 1
22, 2043, 3
22, 2119, 1
22, 2282, 1
22, 2316, 1
22, 2341, 2
22, 2345, 2
22, 2356, 1
22, 2595, 2
22, 2649, 1
22, 2929, 1
22, 4614, 2
22, 4634, 2
22, 5094, 1
22, 5256, 2
22, 7886, 1
22, 8605, 1
22, 8813, 1
22, 10531, 1
22, 11157, 1
22, 11237, 1
23, 8, 1
23, 21, 2
23, 39, 2
23, 44, 1
23, 52, 2
23, 88, 1
23, 93, 1
23, 115, 1
23, 125, 1
23, 161, 1
23, 168, 1
23, 184, 1
23, 192, 1
23, 206, 1
23, 218, 1
23, 228, 1
23, 247, 1
23, 305, 2
23, 317, 1
23, 352, 1
23, 499, 1
23, 571, 1
23, 682, 1
23, 719, 4
23, 1073, 1
23, 1119, 5
23, 1205, 1
23, 1254, 3
23, 1266, 1
23, 1554, 1
23, 1566, 1
23, 2158, 1
23, 2542, 1
23, 2871, 1
23, 2938, 1
23, 3084, 2
23, 3125, 1
23, 4189, 1
23, 4887, 2
23, 8504, 1
23, 10886, 1
24, 14, 1
24, 32, 1
24, 43, 1
24, 76, 1
24, 175, 1
24, 213, 1
24, 243, 1
24, 253, 1
24, 291, 1
24, 346, 4
24, 463, 1
24, 464, 2
24, 487, 1
24, 515, 1
24, 548, 1
24, 556, 1
24, 912, 1
24, 987, 1
24, 1472, 1
24, 2663, 1
24, 2766, 2
24, 3386, 1
24, 3887, 1
24, 3958, 1
24, 5993, 1
24, 7046, 1
24, 7159, 1
24, 7724, 1
24, 7835, 1
24, 7872, 1
24, 9229, 1
24, 9681, 1
24, 10022, 1
24, 10300, 1
24, 10967, 1
25, 4, 2
25, 7, 2
25, 8, 3
25, 11, 1
25, 16, 1
25, 18, 2
25, 20, 1
25, 22, 1
25, 24, 5
25, 27, 4
25, 29, 1
25, 30, 1
25, 32, 1
25, 33, 2
25, 35, 1
25, 41, 7
25, 47, 1
25, 48, 1
25, 52, 2
25, 57, 2
25, 63, 3
25, 71, 1
25, 73, 1
25, 74, 1
25, 78, 2
25, 81, 1
25, 82, 2
25, 83, 1
25, 86, 1
25, 87, 2
25, 88, 4
25, 91, 1
25, 102, 2
25, 103, 1
25, 104, 1
25, 105, 1
25, 106, 2
25, 109, 1
25, 112, 1
25, 114, 1
25, 116, 1
25, 118, 1
25, 120, 1
25, 123, 1
25, 134, 1
25, 139, 1
25, 143, 1
25, 149, 1
25, 152, 1
25, 158, 3
25, 161, 2
25, 168, 2
25, 171, 2
25, 175, 19
25, 178, 1
25, 181, 1
25, 183, 1
25, 185, 1
25, 192, 1
25, 197, 4
25, 200, 1
25, 219, 1
25, 222, 1
25, 226, 2
25, 228, 2
25, 231, 1
25, 232, 1
25, 237, 2
25, 239, 1
25, 240, 1
25, 242, 3
25, 244, 1
25, 246, 1
25, 247, 2
25, 250, 1
25, 251, 1
25, 253, 1
25, 256, 1
25, 260, 1
25, 263, 1
25, 267, 1
25, 276, 2
25, 278, 2
25, 287, 1
25, 288, 1
25, 290, 1
25, 291, 1
25, 292, 1
25, 295, 1
25, 296, 1
25, 312, 5
25, 313, 3
25, 317, 2
25, 325, 2
25, 329, 2
25, 334, 1
25, 337, 1
25, 338, 1
25, 340, 1
25, 347, 1
25, 355, 1
25, 362, 1
25, 370, 21
25, 372, 1
25, 379, 1
25, 385, 1
25, 386, 1
25, 397, 2
25, 402, 3
25, 407, 2
25, 431, 2
25, 434, 1
25, 435, 1
25, 449, 1
25, 453, 1
25, 455, 1
25, 458, 2
25, 470, 5
25, 474, 1
25, 476, 1
25, 481, 1
25, 485, 1
25, 490, 2
25, 491, 1
25, 492, 1
25, 497, 1
25, 500, 7
25, 502, 1
25, 503, 1
25, 509, 1
25, 510, 1
25, 512, 1
25, 513, 1
25, 514, 2
25, 516, 1
25, 519, 1
25, 527, 1
25, 533, 6
25, 537, 2
25, 539, 1
25, 547, 2
25, 554, 1
25, 563, 1
25, 571, 1
25, 574, 1
25, 575, 1
25, 578, 1
25, 583, 1
25, 605, 1
25, 609, 1
25, 613, 1
25, 615, 1
25, 622, 1
25, 624, 1
25, 631, 2
25, 635, 1
25, 638, 2
25, 646, 1
25, 665, 2
25, 686, 3
25, 688, 1
25, 696, 2
25, 697, 1
25, 698, 2
25, 710, 1
25, 712, 1
25, 717, 1
25, 724, 1
25, 754, 1
25, 771, 1
25, 773, 1
25, 774, 2
25, 800, 19
25, 801, 1
25, 802, 1
25, 803, 1
25, 811, 2
25, 831, 1
25, 832, 1
25, 843, 1
25, 874, 1
25, 889, 1
25, 918, 1
25, 924, 1
25, 934, 3
25, 952, 2
25, 965, 1
25, 974, 1
25, 987, 1
25, 990, 1
25, 1059, 1
25, 1071, 3
25, 1073, 1
25, 1086, 3
25, 1098, 1
25, 1110, 4
25, 1126, 1
25, 1135, 1
25, 1155, 1
25, 1183, 1
25, 1187, 3
25, 1189, 2
25, 1201, 2
25, 1213, 1
25, 1229, 1
25, 1231, 1
25, 1239, 1
25, 1251, 1
25, 1254, 1
25, 1309, 1
25, 1314, 1
25, 1338, 1
25, 1353, 1
25, 1354, 1
25, 1371, 1
25, 1395, 1
25, 1421, 1
25, 1438, 1
25, 1511, 2
25, 1536, 1
25, 1611, 1
25, 1614, 1
25, 1618, 1
25, 1656, 1
25, 1694, 1
25, 1697, 1
25, 1743, 1
25, 1815, 2
25, 1823, 1
25, 1847, 1
25, 1853, 1
25, 1862, 1
25, 1903, 1
25, 1927, 3
25, 1933, 1
25, 1943, 1
25, 1972, 1
25, 1983, 2
25, 2001, 1
25, 2014, 1
25, 2017, 1
25, 2019, 1
25, 2090, 1
25, 2110, 1
25, 2118, 1
25, 2119, 1
25, 2209, 1
25, 2210, 1
25, 2239, 1
25, 2293, 1
25, 2323, 1
25, 2333, 1
25, 2436, 5
25, 2520, 1
25, 2558, 1
25, 2569, 2
25, 2633, 1
25, 2641, 2
25, 2693, 1
25, 2718, 1
25, 2735, 1
25, 2757, 3
25, 2784, 1
25, 2794, 2
25, 2798, 1
25, 2928, 1
25, 2938, 1
25, 2974, 2
25, 3020, 3
25, 3034, 1
25, 3080, 2
25, 3097, 1
25, 3108, 1
25, 3133, 1
25, 3136, 1
25, 3151, 4
25, 3156, 1
25, 3168, 2
25, 3185, 2
25, 3240, 1
25, 3264, 1
25, 3304, 1
25, 3341, 1
25, 3379, 1
25, 3395, 2
25, 3400, 1
25, 3414, 3
25, 3415, 1
25, 3490, 1
25, 3512, 1
25, 3537, 1
25, 3541, 1
25, 3593, 1
25, 3717, 1
25, 3761, 1
25, 3799, 1
25, 3877, 1
25, 3922, 1
25, 3937, 1
25, 3949, 3
25, 3950, 2
25, 4037, 1
25, 4214, 1
25, 4286, 1
25, 4437, 1
25, 4481, 1
25, 4600, 2
25, 4655, 2
25, 4706, 2
25, 4716, 2
25, 4850, 2
25, 4856, 1
25, 4908, 1
25, 5203, 2
25, 5210, 1
25, 5355, 1
25, 5454, 1
25, 5494, 2
25, 5550, 1
25, 5573, 1
25, 5606, 1
25, 5700, 2
25, 5718, 1
25, 5871, 1
25, 5884, 1
25, 5932, 1
25, 6021, 1
25, 6037, 1
25, 6050, 1
25, 6206, 1
25, 6311, 1
25, 6411, 1
25, 6456, 1
25, 6522, 1
25, 6562, 1
25, 6611, 1
25, 6647, 1
25, 6681, 1
25, 6719, 1
25, 6758, 1
25, 6893, 1
25, 6949, 1
25, 6956, 1
25, 6962, 1
25, 6964, 1
25, 7048, 1
25, 7106, 1
25, 7320, 1
25, 7358, 1
25, 7435, 1
25, 7485, 1
25, 7511, 1
25, 7756, 1
25, 7931, 1
25, 8047, 1
25, 8062, 1
25, 8244, 1
25, 8294, 1
25, 8306, 1
25, 8344, 1
25, 8414, 1
25, 8461, 1
25, 8482, 1
25, 8572, 1
25, 8596, 1
25, 8699, 1
25, 8703, 1
25, 8705, 1
25, 8712, 1
25, 8816, 1
25, 9073, 1
25, 9143, 1
25, 9157, 1
25, 9320, 1
25, 9395, 1
25, 9435, 1
25, 9552, 1
25, 9687, 1
25, 9703, 1
25, 9771, 1
25, 9813, 1
25, 9822, 1
25, 9863, 1
25, 9873, 1
25, 9915, 1
25, 10050, 1
25, 10112, 1
25, 10126, 1
25, 10201, 1
25, 10206, 1
25, 10301, 1
25, 10398, 1
25, 10436, 1
25, 10640, 1
25, 10717, 1
25, 10812, 1
25, 10926, 1
25, 10972, 1
25, 10979, 1
25, 10989, 1
25, 11009, 1
25, 11062, 1
25, 11097, 1
25, 11151, 1
25, 11239, 1
25, 11355, 1
25, 11373, 1
25, 11393, 1
26, 3, 4
26, 4, 19
26, 8, 3
26, 17, 2
26, 21, 3
26, 24, 2
26, 27, 2
26, 32, 1
26, 36, 2
26, 38, 2
26, 49, 1
26, 50, 1
26, 54, 1
26, 57, 3
26, 61, 1
26, 68, 1
26, 71, 2
26, 76, 1
26, 78, 1
26, 84, 2
26, 88, 2
26, 89, 1
26, 93, 1
26, 96, 1
26, 98, 1
26, 102, 2
26, 112, 1
26, 114, 5
26, 115, 3
26, 133, 1
26, 144, 1
26, 146, 1
26, 147, 1
26, 161, 1
26, 167, 1
26, 171, 1
26, 181, 1
26, 184, 1
26, 191, 1
26, 192, 1
26, 202, 3
26, 206, 2
26, 207, 1
26, 218, 1
26, 219, 1
26, 221, 1
26, 222, 4
26, 230, 1
26, 233, 1
26, 244, 1
26, 251, 2
26, 252, 1
26, 253, 1
26, 256, 3
26, 266, 1
26, 274, 1
26, 276, 1
26, 285, 1
26, 288, 1
26, 289, 1
26, 301, 1
26, 308, 6
26, 330, 1
26, 357, 1
26, 359, 1
26, 361, 1
26, 370, 1
26, 375, 8
26, 380, 5
26, 386, 2
26, 394, 1
26, 406, 1
26, 407, 1
26, 429, 2
26, 435, 1
26, 451, 1
26, 453, 1
26, 455, 1
26, 456, 1
26, 461, 1
26, 464, 1
26, 465, 2
26, 490, 1
26, 494, 1
26, 507, 2
26, 513, 3
26, 524, 1
26, 529, 1
26, 533, 1
26, 542, 1
26, 553, 1
26, 556, 1
26, 560, 2
26, 563, 1
26, 571, 1
26, 582, 1
26, 597, 1
26, 613, 1
26, 614, 1
26, 635, 1
26, 705, 5
26, 739, 3
26, 744, 1
26, 789, 1
26, 805, 1
26, 814, 1
26, 833, 1
26, 858, 3
26, 875, 1
26, 897, 1
26, 934, 1
26, 970, 4
26, 986, 1
26, 987, 2
26, 989, 1
26, 1001, 1
26, 1019, 1
26, 1028, 1
26, 1060, 4
26, 1074, 1
26, 1080, 1
26, 1089, 3
26, 1107, 1
26, 1109, 3
26, 1138, 6
26, 1167, 1
26, 1231, 1
26, 1261, 1
26, 1336, 2
26, 1338, 1
26, 1350, 1
26, 1388, 1
26, 1398, 2
26, 1407, 1
26, 1455, 1
26, 1475, 1
26, 1483, 1
26, 1532, 1
26, 1540, 1
26, 1580, 1
26, 1603, 1
26, 1624, 1
26, 1633, 2
26, 1656, 2
26, 1667, 1
26, 1671, 1
26, 1680, 1
26, 1714, 1
26, 1745, 1
26, 1750, 1
26, 1794, 1
26, 1810, 1
26, 1814, 1
26, 1819, 1
26, 1830, 1
26, 1860, 1
26, 1870, 2
26, 1925, 1
26, 1954, 1
26, 1977, 1
26, 1987, 1
26, 2046, 1
26, 2085, 4
26, 2087, 1
26, 2093, 1
26, 2115, 2
26, 2194, 1
26, 2270, 1
26, 2345, 1
26, 2372, 1
26, 2419, 1
26, 2451, 1
26, 2457, 1
26, 2500, 1
26, 2642, 1
26, 2661, 1
26, 2680, 1
26, 2723, 1
26, 2726, 1
26, 2848, 1
26, 2921, 1
26, 3071, 1
26, 3199, 1
26, 3216, 1
26, 3218, 1
26, 3254, 2
26, 3318, 2
26, 3359, 1
26, 3371, 2
26, 3582, 1
26, 3594, 1
26, 3668, 2
26, 3687, 1
26, 3715, 1
26, 3726, 1
26, 3732, 2
26, 4020, 1
26, 4052, 1
26, 4113, 1
26, 4121, 1
26, 4269, 2
26, 4573, 2
26, 4647, 1
26, 4681, 1
26, 4770, 1
26, 4811, 1
26, 4814, 1
26, 4818, 1
26, 4838, 1
26, 4954, 1
26, 4978, 2
26, 5121, 1
26, 5130, 2
26, 5200, 1
26, 5209, 1
26, 5234, 1
26, 5316, 1
26, 5358, 2
26, 5395, 1
26, 5407, 1
26, 5514, 2
26, 5670, 1
26, 5673, 2
26, 5701, 2
26, 5831, 1
26, 5851, 1
26, 6120, 1
26, 6233, 1
26, 6249, 1
26, 6566, 1
26, 6894, 1
26, 7388, 1
26, 7534, 1
26, 7898, 1
26, 7925, 1
26, 7955, 1
26, 8085, 1
26, 8533, 1
26, 8574, 1
26, 8620, 1
26, 8625, 1
26, 9081, 1
26, 9481, 1
26, 9534, 1
26, 9607, 1
26, 9820, 1
26, 10067, 1
26, 10076, 1
26, 10099, 1
26, 10246, 1
26, 10326, 1
26, 10547, 1
26, 10636, 1
26, 10694, 1
26, 10762, 1
26, 10838, 1
26, 10885, 1
26, 11098, 1
26, 11236, 1
26, 11406, 1
27, 4, 3
27, 5, 19
27, 11, 4
27, 12, 3
27, 14, 2
27, 19, 18
27, 21, 21
27, 22, 4
27, 31, 2
27, 33, 2
27, 45, 12
27, 50, 1
27, 51, 3
27, 58, 1
27, 63, 1
27, 66, 4
27, 67, 4
27, 68, 2
27, 76, 12
27, 77, 1
27, 81, 2
27, 83, 3
27, 88, 1
27, 94, 6
27, 100, 1
27, 107, 1
27, 109, 1
27, 116, 1
27, 125, 2
27, 131, 1
27, 132, 11
27, 133, 3
27, 134, 1
27, 144, 2
27, 169, 1
27, 188, 1
27, 195, 6
27, 205, 8
27, 216, 1
27, 243, 2
27, 253, 4
27, 256, 1
27, 282, 1
27, 289, 2
27, 295, 2
27, 303, 1
27, 311, 1
27, 332, 2
27, 344, 1
27, 345, 22
27, 358, 1
27, 374, 1
27, 377, 1
27, 385, 1
27, 390, 2
27, 396, 4
27, 415, 4
27, 424, 2
27, 465, 1
27, 469, 1
27, 485, 1
27, 497, 1
27, 503, 2
27, 508, 2
27, 528, 1
27, 530, 1
27, 545, 1
27, 556, 1
27, 559, 1
27, 625, 1
27, 735, 1
27, 758, 2
27, 789, 1
27, 801, 1
27, 818, 1
27, 834, 1
27, 860, 2
27, 873, 2
27, 874, 1
27, 898, 1
27, 904, 1
27, 941, 1
27, 951, 1
27, 971, 2
27, 999, 4
27, 1148, 2
27, 1150, 1
27, 1219, 2
27, 1238, 2
27, 1260, 1
27, 1328, 1
27, 1363, 3
27, 1369, 1
27, 1423, 1
27, 1452, 2
27, 1468, 2
27, 1480, 1
27, 1594, 1
27, 1640, 2
27, 1764, 1
27, 1854, 6
27, 1859, 2
27, 1975, 2
27, 1976, 1
27, 2031, 1
27, 2039, 1
27, 2075, 1
27, 2091, 3
27, 2255, 2
27, 2356, 4
27, 2395, 4
27, 2481, 1
27, 2605, 1
27, 2646, 5
27, 2755, 1
27, 2797, 1
27, 2877, 1
27, 3025, 1
27, 3298, 1
27, 3391, 3
27, 3422, 1
27, 3641, 2
27, 3652, 3
27, 3686, 1
27, 3688, 1
27, 3876, 1
27, 4746, 1
27, 4831, 1
27, 4860, 1
27, 4925, 2
27, 5172, 2
27, 5216, 1
27, 5311, 2
27, 5335, 1
27, 5521, 1
27, 5659, 1
27, 6283, 1
27, 6403, 1
27, 6740, 1
27, 7204, 1
27, 7257, 1
27, 7574, 1
27, 7645, 1
27, 7762, 1
27, 7845, 1
27, 7935, 1
27, 8077, 1
27, 8473, 1
27, 8520, 1
27, 8744, 1
27, 8798, 1
27, 8848, 1
27, 8861, 1
27, 9140, 1
27, 9732, 1
27, 9737, 1
27, 10058, 1
27, 10096, 1
27, 10164, 1
27, 10181, 1
27, 10188, 1
27, 10482, 1
27, 10612, 1
27, 10749, 1
27, 10830, 1
27, 11013, 1
27, 11030, 1
27, 11217, 1
27, 11318, 1
28, 3, 1
28, 4, 1
28, 8, 1
28, 10, 1
28, 11, 1
28, 12, 1
28, 15, 4
28, 30, 1
28, 36, 3
28, 37, 1
28, 41, 2
28, 68, 1
28, 72, 2
28, 73, 1
28, 74, 1
28, 76, 1
28, 82, 1
28, 86, 1
28, 93, 2
28, 105, 1
28, 106, 1
28, 107, 1
28, 108, 1
28, 121, 3
28, 130, 1
28, 134, 1
28, 137, 1
28, 144, 1
28, 150, 1
28, 156, 1
28, 165, 2
28, 166, 2
28, 171, 2
28, 176, 1
28, 177, 1
28, 183, 1
28, 189, 1
28, 190, 2
28, 198, 2
28, 215, 1
28, 218, 2
28, 227, 1
28, 233, 1
28, 237, 1
28, 253, 1
28, 256, 1
28, 289, 1
28, 300, 1
28, 303, 1
28, 325, 1
28, 329, 3
28, 388, 1
28, 394, 1
28, 425, 1
28, 428, 1
28, 463, 2
28, 464, 2
28, 469, 2
28, 481, 1
28, 532, 1
28, 536, 1
28, 558, 1
28, 559, 1
28, 571, 1
28, 578, 1
28, 581, 1
28, 587, 1
28, 590, 1
28, 650, 1
28, 706, 2
28, 741, 1
28, 748, 1
28, 798, 1
28, 811, 1
28, 833, 1
28, 869, 1
28, 881, 1
28, 920, 1
28, 923, 9
28, 1094, 1
28, 1119, 1
28, 1153, 1
28, 1163, 1
28, 1178, 1
28, 1181, 1
28, 1189, 1
28, 1221, 1
28, 1238, 1
28, 1311, 1
28, 1330, 1
28, 1348, 1
28, 1359, 2
28, 1368, 1
28, 1375, 1
28, 1379, 1
28, 1414, 1
28, 1445, 1
28, 1457, 1
28, 1470, 1
28, 1511, 1
28, 1526, 1
28, 1606, 1
28, 1773, 1
28, 1789, 2
28, 1929, 1
28, 1931, 1
28, 2048, 1
28, 2098, 3
28, 2362, 1
28, 2495, 1
28, 2497, 1
28, 2557, 1
28, 2762, 1
28, 2904, 1
28, 3118, 2
28, 3125, 2
28, 3334, 1
28, 3371, 1
28, 3537, 1
28, 3634, 1
28, 3767, 1
28, 3916, 3
28, 4067, 1
28, 4162, 1
28, 4314, 2
28, 4333, 1
28, 4539, 1
28, 4576, 1
28, 4638, 1
28, 4806, 2
28, 4829, 2
28, 5242, 1
28, 5254, 1
28, 5282, 2
28, 5459, 2
28, 5555, 1
28, 5781, 2
28, 5809, 1
28, 6474, 1
28, 6576, 1
28, 6800, 1
28, 7142, 1
28, 7153, 1
28, 7229, 1
28, 7356, 1
28, 7443, 1
28, 7507, 1
28, 7698, 1
28, 8323, 1
28, 8449, 1
28, 8580, 1
28, 8664, 1
28, 8806, 1
28, 8812, 1
28, 9407, 1
28, 9644, 1
28, 10278, 1
28, 11103, 1
28, 11163, 1
28, 11241, 1
29, 3, 2
29, 8, 2
29, 16, 1
29, 20, 1
29, 33, 1
29, 57, 1
29, 78, 1
29, 84, 1
29, 90, 1
29, 115, 1
29, 130, 3
29, 144, 1
29, 146, 1
29, 161, 2
29, 169, 1
29, 192, 1
29, 200, 2
29, 206, 1
29, 230, 1
29, 245, 1
29, 262, 1
29, 346, 1
29, 349, 2
29, 353, 3
29, 453, 1
29, 474, 1
29, 522, 1
29, 563, 1
29, 567, 1
29, 643, 2
29, 675, 1
29, 681, 1
29, 730, 2
29, 744, 1
29, 774, 1
29, 852, 1
29, 857, 3
29, 907, 1
29, 913, 1
29, 1017, 1
29, 1075, 1
29, 1139, 1
29, 1178, 1
29, 1254, 4
29, 1498, 1
29, 1577, 2
29, 1616, 1
29, 2291, 2
29, 2305, 1
29, 2320, 4
29, 2371, 1
29, 2372, 1
29, 2490, 1
29, 2555, 4
29, 2648, 1
29, 2840, 1
29, 2928, 1
29, 2954, 1
29, 3285, 1
29, 3459, 2
29, 3833, 1
29, 3866, 2
29, 4326, 1
29, 4345, 1
29, 4823, 1
29, 4976, 1
29, 5022, 1
29, 5726, 1
29, 6051, 1
29, 7096, 1
29, 7177, 1
29, 7508, 1
29, 8329, 1
29, 9168, 1
29, 9480, 1
29, 9710, 1
29, 10037, 1
29, 10973, 1
30, 2, 1
30, 4, 7
30, 5, 4
30, 14, 1
30, 16, 1
30, 20, 1
30, 21, 7
30, 25, 3
30, 27, 1
30, 30, 1
30, 32, 1
30, 46, 1
30, 52, 2
30, 56, 1
30, 61, 1
30, 62, 7
30, 73, 1
30, 74, 2
30, 80, 1
30, 83, 3
30, 89, 1
30, 90, 1
30, 96, 1
30, 100, 1
30, 101, 1
30, 109, 2
30, 110, 1
30, 111, 3
30, 112, 1
30, 118, 2
30, 129, 1
30, 132, 1
30, 136, 1
30, 138, 2
30, 164, 1
30, 174, 1
30, 183, 1
30, 184, 3
30, 190, 1
30, 193, 1
30, 212, 1
30, 225, 1
30, 233, 1
30, 238, 1
30, 246, 1
30, 249, 1
30, 253, 1
30, 261, 2
30, 265, 1
30, 274, 1
30, 282, 2
30, 287, 1
30, 293, 1
30, 309, 1
30, 320, 2
30, 327, 1
30, 354, 1
30, 360, 1
30, 383, 1
30, 384, 2
30, 409, 1
30, 417, 1
30, 422, 1
30, 439, 1
30, 441, 4
30, 458, 1
30, 483, 1
30, 487, 2
30, 497, 1
30, 527, 1
30, 530, 6
30, 547, 1
30, 549, 1
30, 550, 1
30, 552, 1
30, 577, 1
30, 594, 2
30, 613, 1
30, 614, 1
30, 631, 1
30, 646, 1
30, 674, 1
30, 686, 1
30, 692, 1
30, 693, 1
30, 719, 2
30, 747, 1
30, 765, 1
30, 795, 1
30, 798, 1
30, 834, 2
30, 851, 1
30, 941, 1
30, 950, 1
30, 974, 1
30, 978, 1
30, 979, 1
30, 987, 1
30, 989, 3
30, 996, 1
30, 1006, 1
30, 1049, 1
30, 1059, 2
30, 1101, 1
30, 1117, 1
30, 1166, 1
30, 1186, 1
30, 1267, 1
30, 1306, 1
30, 1320, 1
30, 1321, 1
30, 1415, 1
30, 1487, 1
30, 1550, 1
30, 1689, 2
30, 1702, 1
30, 1751, 1
30, 1767, 2
30, 1845, 1
30, 1910, 1
30, 1965, 1
30, 2059, 2
30, 2191, 4
30, 2265, 1
30, 2329, 1
30, 2343, 1
30, 2375, 2
30, 2418, 1
30, 2494, 1
30, 2564, 1
30, 2621, 1
30, 2626, 1
30, 2634, 1
30, 2644, 1
30, 2682, 1
30, 2725, 1
30, 2812, 1
30, 3337, 2
30, 3445, 1
30, 3478, 3
30, 3483, 1
30, 3494, 1
30, 3505, 1
30, 3554, 1
30, 3615, 1
30, 3796, 2
30, 3967, 1
30, 4409, 1
30, 4456, 2
30, 4618, 1
30, 4645, 1
30, 4647, 1
30, 4769, 1
30, 4931, 1
30, 5112, 1
30, 5309, 1
30, 5349, 1
30, 5431, 1
30, 5452, 1
30, 5582, 2
30, 5661, 1
30, 5802, 1
30, 6675, 1
30, 6780, 1
30, 6823, 1
30, 6906, 1
30, 6940, 1
30, 7109, 1
30, 7244, 1
30, 7444, 1
30, 7661, 1
30, 7838, 1
30, 8018, 1
30, 9096, 1
30, 9109, 1
30, 9235, 1
30, 10215, 1
30, 10351, 1
30, 10651, 1
30, 10691, 1
30, 11293, 1
31, 4, 3
31, 5, 2
31, 9, 1
31, 10, 1
31, 15, 1
31, 21, 1
31, 51, 1
31, 52, 1
31, 74, 2
31, 81, 1
31, 82, 1
31, 83, 2
31, 90, 1
31, 132, 1
31, 136, 2
31, 137, 2
31, 169, 1
31, 184, 1
31, 196, 1
31, 239, 1
31, 246, 1
31, 262, 1
31, 329, 1
31, 361, 1
31, 409, 1
31, 424, 1
31, 440, 1
31, 451, 1
31, 453, 1
31, 472, 1
31, 496, 1
31, 565, 1
31, 618, 1
31, 635, 1
31, 753, 2
31, 841, 1
31, 918, 3
31, 939, 1
31, 971, 2
31, 1021, 1
31, 1034, 1
31, 1144, 5
31, 1146, 1
31, 1202, 1
31, 1517, 1
31, 1632, 1
31, 1846, 1
31, 2046, 1
31, 2199, 1
31, 2229, 1
31, 2265, 1
31, 2290, 1
31, 2665, 1
31, 2787, 1
31, 2929, 1
31, 3404, 1
31, 4641, 1
31, 5727, 1
31, 5870, 1
31, 6035, 1
31, 6709, 1
31, 8124, 1
31, 10590, 1
31, 11267, 1
32, 1, 1
32, 2, 1
32, 4, 8
32, 5, 3
32, 8, 1
32, 9, 1
32, 10, 1
32, 14, 1
32, 15, 2
32, 16, 1
32, 21, 4
32, 33, 1
32, 46, 1
32, 52, 1
32, 64, 1
32, 76, 2
32, 83, 1
32, 98, 1
32, 107, 1
32, 127, 1
32, 132, 1
32, 133, 1
32, 136, 6
32, 137, 1
32, 145, 1
32, 146, 1
32, 148, 1
32, 158, 1
32, 177, 1
32, 183, 1
32, 196, 4
32, 211, 1
32, 217, 1
32, 237, 1
32, 239, 2
32, 240, 2
32, 246, 2
32, 253, 1
32, 267, 1
32, 289, 1
32, 290, 2
32, 301, 1
32, 322, 1
32, 325, 1
32, 339, 1
32, 360, 1
32, 361, 1
32, 363, 1
32, 385, 1
32, 400, 1
32, 417, 1
32, 424, 2
32, 431, 1
32, 451, 1
32, 461, 1
32, 469, 1
32, 482, 1
32, 499, 2
32, 505, 1
32, 584, 1
32, 657, 1
32, 689, 1
32, 711, 1
32, 753, 2
32, 821, 1
32, 881, 1
32, 884, 1
32, 918, 8
32, 945, 1
32, 982, 1
32, 993, 1
32, 1034, 1
32, 1118, 1
32, 1128, 2
32, 1144, 1
32, 1195, 1
32, 1199, 1
32, 1236, 6
32, 1284, 1
32, 1356, 1
32, 1405, 1
32, 1435, 3
32, 1765, 1
32, 1846, 1
32, 1942, 2
32, 2080, 1
32, 2169, 1
32, 2177, 1
32, 2178, 1
32, 2229, 1
32, 2451, 1
32, 2633, 1
32, 2731, 1
32, 2787, 1
32, 2806, 1
32, 2990, 1
32, 3219, 1
32, 3555, 1
32, 3890, 1
32, 4012, 1
32, 4271, 1
32, 4578, 1
32, 5291, 1
32, 5296, 2
32, 5325, 2
32, 5549, 2
32, 5797, 2
32, 6217, 1
32, 7585, 1
32, 7796, 1
32, 7903, 1
32, 8345, 1
32, 9836, 1
33, 3, 1
33, 4, 9
33, 7, 14
33, 8, 4
33, 15, 1
33, 17, 6
33, 20, 3
33, 21, 3
33, 22, 3
33, 24, 2
33, 25, 3
33, 27, 1
33, 30, 1
33, 36, 4
33, 37, 5
33, 39, 1
33, 43, 1
33, 44, 2
33, 47, 2
33, 48, 4
33, 50, 2
33, 52, 1
33, 57, 5
33, 64, 1
33, 68, 4
33, 71, 4
33, 82, 3
33, 83, 11
33, 86, 2
33, 87, 1
33, 88, 1
33, 90, 2
33, 96, 2
33, 99, 1
33, 100, 4
33, 102, 1
33, 106, 1
33, 107, 1
33, 109, 1
33, 110, 2
33, 112, 3
33, 119, 6
33, 123, 2
33, 127, 1
33, 129, 1
33, 132, 1
33, 134, 1
33, 135, 2
33, 137, 2
33, 139, 2
33, 143, 3
33, 146, 2
33, 148, 1
33, 149, 1
33, 156, 1
33, 158, 2
33, 165, 1
33, 166, 3
33, 169, 3
33, 175, 3
33, 183, 1
33, 184, 2
33, 188, 26
33, 190, 1
33, 192, 1
33, 196, 2
33, 208, 1
33, 210, 1
33, 212, 2
33, 213, 4
33, 223, 1
33, 226, 1
33, 228, 1
33, 231, 1
33, 232, 1
33, 247, 2
33, 251, 1
33, 252, 2
33, 258, 1
33, 261, 1
33, 264, 1
33, 271, 1
33, 272, 1
33, 276, 9
33, 278, 3
33, 289, 1
33, 299, 1
33, 310, 1
33, 321, 1
33, 322, 1
33, 325, 2
33, 327, 1
33, 334, 1
33, 343, 3
33, 347, 2
33, 354, 3
33, 357, 1
33, 360, 1
33, 365, 2
33, 367, 1
33, 369, 1
33, 376, 1
33, 379, 2
33, 382, 2
33, 386, 6
33, 391, 1
33, 404, 1
33, 405, 1
33, 406, 3
33, 407, 2
33, 424, 1
33, 425, 1
33, 434, 1
33, 435, 1
33, 440, 1
33, 443, 1
33, 444, 1
33, 455, 1
33, 457, 1
33, 458, 1
33, 459, 1
33, 461, 2
33, 463, 1
33, 472, 3
33, 474, 2
33, 482, 3
33, 484, 1
33, 485, 1
33, 492, 1
33, 493, 2
33, 502, 1
33, 509, 2
33, 513, 3
33, 519, 1
33, 520, 1
33, 522, 1
33, 524, 2
33, 527, 3
33, 528, 1
33, 539, 1
33, 542, 1
33, 549, 1
33, 551, 1
33, 552, 1
33, 561, 1
33, 568, 1
33, 575, 2
33, 592, 1
33, 600, 1
33, 603, 1
33, 615, 1
33, 629, 1
33, 630, 1
33, 638, 1
33, 650, 1
33, 652, 1
33, 675, 1
33, 677, 1
33, 696, 1
33, 717, 1
33, 718, 1
33, 719, 1
33, 723, 1
33, 724, 1
33, 726, 1
33, 727, 1
33, 728, 1
33, 738, 1
33, 750, 1
33, 751, 2
33, 757, 2
33, 763, 1
33, 775, 2
33, 789, 1
33, 791, 2
33, 800, 1
33, 801, 2
33, 821, 1
33, 852, 1
33, 858, 1
33, 875, 2
33, 890, 1
33, 903, 1
33, 914, 1
33, 920, 2
33, 936, 2
33, 944, 1
33, 949, 1
33, 956, 1
33, 961, 3
33, 967, 1
33, 991, 1
33, 993, 1
33, 996, 2
33, 998, 6
33, 1006, 1
33, 1024, 1
33, 1031, 5
33, 1049, 6
33, 1055, 2
33, 1060, 1
33, 1077, 2
33, 1080, 2
33, 1083, 1
33, 1102, 1
33, 1122, 1
33, 1139, 1
33, 1146, 1
33, 1167, 2
33, 1168, 1
33, 1176, 1
33, 1188, 2
33, 1208, 1
33, 1217, 7
33, 1228, 1
33, 1246, 1
33, 1249, 1
33, 1262, 1
33, 1272, 1
33, 1285, 1
33, 1309, 2
33, 1319, 6
33, 1370, 1
33, 1375, 1
33, 1378, 1
33, 1395, 1
33, 1403, 1
33, 1407, 1
33, 1453, 1
33, 1488, 2
33, 1499, 1
33, 1522, 2
33, 1578, 1
33, 1649, 2
33, 1652, 1
33, 1674, 1
33, 1689, 1
33, 1751, 1
33, 1815, 1
33, 1845, 1
33, 1853, 2
33, 1890, 1
33, 1932, 1
33, 1967, 1
33, 1969, 5
33, 1988, 1
33, 1989, 1
33, 1990, 1
33, 2009, 1
33, 2014, 1
33, 2079, 6
33, 2110, 1
33, 2158, 1
33, 2164, 3
33, 2166, 1
33, 2173, 3
33, 2195, 2
33, 2198, 1
33, 2222, 1
33, 2245, 1
33, 2246, 1
33, 2283, 1
33, 2329, 2
33, 2479, 1
33, 2553, 2
33, 2607, 1
33, 2647, 1
33, 2658, 2
33, 2695, 1
33, 2762, 1
33, 2840, 1
33, 2848, 1
33, 2883, 1
33, 2912, 1
33, 2920, 4
33, 2978, 1
33, 3023, 2
33, 3111, 1
33, 3185, 2
33, 3187, 1
33, 3199, 1
33, 3263, 1
33, 3274, 2
33, 3275, 1
33, 3287, 2
33, 3289, 3
33, 3327, 1
33, 3337, 1
33, 3384, 3
33, 3441, 1
33, 3473, 1
33, 3606, 1
33, 3632, 2
33, 3648, 1
33, 3692, 1
33, 3718, 1
33, 3719, 1
33, 3732, 1
33, 3826, 1
33, 3838, 3
33, 3889, 1
33, 3987, 1
33, 3988, 1
33, 4034, 1
33, 4168, 1
33, 4174, 2
33, 4184, 2
33, 4406, 1
33, 4443, 1
33, 4462, 1
33, 4563, 2
33, 4577, 2
33, 4586, 1
33, 4595, 2
33, 4616, 1
33, 4771, 1
33, 4831, 1
33, 4832, 1
33, 4931, 1
33, 4977, 1
33, 5041, 1
33, 5047, 1
33, 5106, 1
33, 5202, 1
33, 5210, 1
33, 5215, 1
33, 5406, 2
33, 5425, 1
33, 5462, 1
33, 5585, 1
33, 5703, 2
33, 5738, 1
33, 5924, 1
33, 6033, 1
33, 6066, 1
33, 6093, 1
33, 6265, 1
33, 6353, 1
33, 6418, 1
33, 6434, 1
33, 6485, 1
33, 7078, 1
33, 7110, 1
33, 7178, 1
33, 7295, 1
33, 7484, 1
33, 7830, 1
33, 7864, 1
33, 7868, 1
33, 7927, 1
33, 7956, 1
33, 8039, 1
33, 8103, 1
33, 8243, 1
33, 8353, 1
33, 8519, 1
33, 8551, 1
33, 8688, 1
33, 8711, 1
33, 8837, 1
33, 9233, 1
33, 9279, 1
33, 9343, 1
33, 9486, 1
33, 9626, 1
33, 9746, 1
33, 9776, 1
33, 9784, 1
33, 9801, 1
33, 9842, 1
33, 10018, 1
33, 10049, 1
33, 10193, 1
33, 10252, 1
33, 10311, 1
33, 10372, 1
33, 10726, 1
33, 10942, 1
33, 11006, 1
33, 11022, 1
33, 11143, 1
33, 11225, 1
33, 11279, 1
33, 11330, 1
33, 11348, 1
33, 11382, 1
34, 3, 6
34, 4, 19
34, 5, 4
34, 12, 1
34, 17, 1
34, 21, 3
34, 26, 1
34, 36, 2
34, 38, 1
34, 40, 1
34, 41, 1
34, 49, 1
34, 50, 1
34, 51, 1
34, 52, 1
34, 57, 5
34, 72, 1
34, 84, 2
34, 88, 2
34, 94, 2
34, 100, 8
34, 102, 2
34, 107, 1
34, 114, 10
34, 119, 1
34, 123, 1
34, 125, 2
34, 126, 1
34, 129, 1
34, 134, 1
34, 139, 1
34, 146, 1
34, 156, 1
34, 161, 2
34, 167, 1
34, 168, 3
34, 173, 4
34, 180, 1
34, 182, 1
34, 195, 1
34, 202, 5
34, 203, 1
34, 206, 3
34, 222, 1
34, 226, 4
34, 230, 1
34, 240, 1
34, 246, 1
34, 247, 1
34, 251, 3
34, 252, 1
34, 253, 1
34, 256, 1
34, 262, 1
34, 265, 2
34, 266, 1
34, 278, 1
34, 288, 1
34, 289, 2
34, 290, 1
34, 294, 1
34, 300, 2
34, 322, 2
34, 328, 1
34, 338, 1
34, 359, 1
34, 361, 2
34, 364, 2
34, 366, 3
34, 375, 13
34, 380, 6
34, 387, 2
34, 390, 1
34, 400, 1
34, 415, 1
34, 424, 1
34, 431, 1
34, 453, 1
34, 475, 1
34, 486, 1
34, 504, 1
34, 505, 1
34, 506, 3
34, 510, 1
34, 520, 5
34, 530, 1
34, 533, 1
34, 542, 1
34, 543, 2
34, 555, 1
34, 560, 1
34, 568, 1
34, 596, 1
34, 597, 1
34, 610, 2
34, 612, 1
34, 643, 3
34, 669, 3
34, 679, 2
34, 682, 1
34, 686, 1
34, 687, 2
34, 689, 2
34, 705, 2
34, 707, 3
34, 717, 1
34, 720, 5
34, 726, 1
34, 731, 5
34, 757, 1
34, 767, 2
34, 791, 1
34, 813, 1
34, 832, 2
34, 836, 1
34, 858, 2
34, 895, 1
34, 898, 1
34, 906, 1
34, 947, 1
34, 950, 2
34, 960, 2
34, 965, 1
34, 970, 8
34, 989, 1
34, 1001, 1
34, 1007, 1
34, 1021, 1
34, 1032, 1
34, 1035, 1
34, 1049, 1
34, 1055, 1
34, 1060, 1
34, 1070, 2
34, 1074, 6
34, 1080, 2
34, 1082, 1
34, 1089, 3
34, 1090, 1
34, 1105, 1
34, 1109, 8
34, 1133, 1
34, 1138, 1
34, 1146, 1
34, 1163, 1
34, 1164, 1
34, 1171, 1
34, 1184, 1
34, 1218, 3
34, 1235, 1
34, 1249, 1
34, 1272, 1
34, 1275, 1
34, 1290, 2
34, 1298, 1
34, 1304, 1
34, 1337, 2
34, 1342, 1
34, 1395, 1
34, 1398, 4
34, 1407, 1
34, 1424, 1
34, 1428, 2
34, 1436, 1
34, 1445, 1
34, 1448, 2
34, 1460, 1
34, 1484, 2
34, 1492, 3
34, 1522, 1
34, 1532, 1
34, 1594, 2
34, 1595, 1
34, 1652, 1
34, 1656, 1
34, 1667, 2
34, 1682, 1
34, 1745, 1
34, 1750, 7
34, 1763, 1
34, 1775, 1
34, 1789, 1
34, 1810, 1
34, 1819, 1
34, 1899, 1
34, 1947, 1
34, 1965, 3
34, 1979, 1
34, 1989, 1
34, 2006, 1
34, 2059, 1
34, 2062, 1
34, 2090, 2
34, 2093, 4
34, 2141, 2
34, 2143, 1
34, 2148, 1
34, 2170, 2
34, 2187, 1
34, 2223, 1
34, 2227, 1
34, 2246, 1
34, 2274, 1
34, 2281, 1
34, 2283, 1
34, 2285, 1
34, 2373, 1
34, 2392, 2
34, 2397, 1
34, 2429, 1
34, 2430, 1
34, 2443, 1
34, 2457, 1
34, 2606, 1
34, 2627, 1
34, 2628, 1
34, 2661, 2
34, 2680, 1
34, 2882, 1
34, 2891, 1
34, 2971, 1
34, 3053, 1
34, 3061, 3
34, 3162, 2
34, 3195, 2
34, 3210, 1
34, 3249, 3
34, 3288, 1
34, 3312, 1
34, 3325, 2
34, 3359, 2
34, 3388, 1
34, 3444, 1
34, 3572, 3
34, 3590, 1
34, 3633, 2
34, 3665, 1
34, 3697, 3
34, 3758, 3
34, 3793, 1
34, 3864, 1
34, 3936, 3
34, 3975, 1
34, 4008, 1
34, 4025, 1
34, 4126, 1
34, 4249, 1
34, 4339, 2
34, 4525, 1
34, 4681, 1
34, 4761, 1
34, 4787, 1
34, 4814, 1
34, 4818, 1
34, 4868, 2
34, 4902, 1
34, 4964, 2
34, 4992, 1
34, 5078, 1
34, 5209, 1
34, 5310, 1
34, 5501, 1
34, 5556, 1
34, 5586, 2
34, 5875, 1
34, 6355, 1
34, 6471, 1
34, 6890, 1
34, 7065, 1
34, 7802, 1
34, 7814, 1
34, 7977, 1
34, 8046, 1
34, 8286, 1
34, 8674, 1
34, 8804, 1
34, 8922, 1
34, 9212, 1
34, 9249, 1
34, 9335, 1
34, 9699, 1
34, 9959, 1
34, 10172, 1
34, 10276, 1
34, 10522, 1
34, 10538, 1
34, 10561, 1
34, 10948, 1
34, 11032, 1
34, 11082, 1
35, 4, 5
35, 10, 1
35, 33, 1
35, 36, 1
35, 38, 1
35, 49, 1
35, 50, 1
35, 52, 1
35, 67, 1
35, 82, 2
35, 93, 2
35, 102, 1
35, 106, 1
35, 126, 1
35, 144, 2
35, 161, 1
35, 169, 1
35, 180, 1
35, 197, 1
35, 207, 1
35, 228, 1
35, 351, 1
35, 355, 1
35, 358, 1
35, 407, 1
35, 416, 1
35, 513, 1
35, 539, 1
35, 553, 1
35, 563, 1
35, 631, 1
35, 663, 1
35, 710, 1
35, 813, 1
35, 918, 2
35, 1057, 1
35, 1098, 1
35, 1126, 1
35, 1139, 1
35, 1203, 1
35, 1336, 1
35, 1421, 1
35, 1445, 1
35, 1748, 1
35, 1802, 1
35, 1818, 1
35, 1839, 1
35, 2257, 5
35, 2313, 1
35, 2428, 1
35, 2463, 1
35, 2490, 1
35, 2647, 1
35, 3477, 1
35, 5018, 2
35, 6169, 1
35, 7058, 1
35, 7729, 1
35, 8873, 1
35, 8918, 1
35, 10409, 1
36, 2, 1
36, 6, 1
36, 7, 2
36, 9, 3
36, 10, 1
36, 11, 1
36, 16, 1
36, 20, 1
36, 28, 1
36, 29, 1
36, 34, 1
36, 35, 1
36, 42, 1
36, 49, 1
36, 50, 3
36, 55, 1
36, 70, 2
36, 71, 1
36, 85, 1
36, 91, 1
36, 95, 1
36, 105, 1
36, 109, 3
36, 114, 1
36, 129, 3
36, 138, 1
36, 139, 1
36, 141, 1
36, 151, 1
36, 198, 1
36, 199, 4
36, 203, 1
36, 240, 2
36, 246, 1
36, 268, 1
36, 278, 1
36, 318, 1
36, 319, 1
36, 329, 1
36, 356, 1
36, 389, 1
36, 408, 1
36, 427, 1
36, 429, 2
36, 466, 1
36, 557, 1
36, 597, 1
36, 636, 1
36, 834, 1
36, 844, 1
36, 1040, 1
36, 1079, 3
36, 1386, 2
36, 1424, 1
36, 1740, 1
36, 1791, 1
36, 2057, 1
36, 2513, 1
36, 2753, 1
36, 3026, 1
36, 3808, 1
36, 3977, 2
36, 4466, 1
36, 5001, 1
36, 5789, 1
36, 5986, 1
36, 6179, 1
36, 6572, 1
37, 2, 1
37, 6, 1
37, 9, 1
37, 12, 1
37, 24, 2
37, 25, 1
37, 28, 1
37, 36, 2
37, 38, 2
37, 44, 1
37, 51, 1
37, 63, 1
37, 71, 1
37, 72, 1
37, 75, 2
37, 89, 1
37, 91, 3
37, 103, 1
37, 112, 1
37, 124, 1
37, 128, 1
37, 131, 1
37, 133, 1
37, 141, 1
37, 157, 1
37, 165, 1
37, 170, 1
37, 203, 1
37, 204, 1
37, 207, 1
37, 220, 5
37, 242, 1
37, 243, 1
37, 252, 1
37, 274, 1
37, 288, 2
37, 289, 1
37, 311, 1
37, 329, 1
37, 330, 1
37, 406, 1
37, 425, 1
37, 428, 2
37, 487, 1
37, 498, 1
37, 517, 1
37, 534, 1
37, 540, 1
37, 569, 1
37, 601, 1
37, 605, 1
37, 616, 1
37, 695, 1
37, 697, 1
37, 712, 1
37, 727, 1
37, 756, 1
37, 759, 1
37, 783, 3
37, 784, 1
37, 797, 1
37, 830, 1
37, 938, 1
37, 957, 1
37, 961, 1
37, 987, 1
37, 990, 1
37, 1022, 1
37, 1045, 1
37, 1122, 1
37, 1125, 1
37, 1195, 1
37, 1212, 1
37, 1294, 1
37, 1352, 1
37, 1515, 1
37, 1520, 2
37, 1529, 3
37, 1702, 1
37, 1827, 1
37, 1865, 1
37, 2514, 1
37, 2828, 1
37, 3849, 1
37, 3887, 1
37, 3894, 1
37, 4230, 2
37, 4289, 1
37, 4438, 1
37, 4773, 2
37, 5433, 1
37, 6091, 1
37, 11286, 1
38, 6, 1
38, 15, 1
38, 20, 1
38, 22, 1
38, 29, 1
38, 30, 1
38, 32, 1
38, 39, 3
38, 47, 2
38, 72, 1
38, 95, 1
38, 99, 1
38, 131, 1
38, 239, 1
38, 250, 2
38, 315, 1
38, 647, 1
38, 685, 1
38, 827, 1
38, 833, 1
38, 1073, 1
38, 1300, 1
38, 1320, 1
38, 1368, 2
38, 1392, 1
38, 1665, 1
38, 1783, 1
38, 1975, 1
38, 2038, 1
38, 2247, 3
38, 2310, 3
38, 2589, 1
38, 2676, 2
38, 2844, 4
38, 3062, 1
38, 3455, 1
38, 3754, 1
38, 3974, 2
38, 4273, 1
38, 4299, 1
38, 5107, 1
38, 5292, 1
38, 5773, 2
38, 5780, 2
38, 5942, 1
38, 6195, 1
38, 6400, 1
38, 7494, 1
38, 8210, 1
38, 9906, 1
39, 1, 15
39, 2, 12
39, 3, 6
39, 6, 11
39, 8, 1
39, 9, 2
39, 10, 6
39, 11, 3
39, 12, 3
39, 13, 4
39, 14, 3
39, 17, 1
39, 20, 1
39, 23, 7
39, 24, 1
39, 25, 3
39, 27, 6
39, 28, 1
39, 31, 6
39, 32, 2
39, 34, 2
39, 35, 3
39, 36, 1
39, 39, 1
39, 40, 4
39, 41, 1
39, 44, 1
39, 46, 2
39, 47, 3
39, 54, 4
39, 55, 4
39, 58, 4
39, 60, 6
39, 63, 1
39, 65, 1
39, 67, 4
39, 68, 1
39, 70, 2
39, 71, 1
39, 75, 4
39, 79, 2
39, 80, 2
39, 81, 3
39, 82, 1
39, 84, 5
39, 85, 5
39, 86, 3
39, 90, 1
39, 91, 1
39, 92, 6
39, 96, 1
39, 109, 1
39, 114, 1
39, 117, 2
39, 121, 1
39, 123, 2
39, 124, 1
39, 125, 4
39, 126, 3
39, 129, 1
39, 139, 1
39, 143, 2
39, 155, 1
39, 156, 1
39, 158, 1
39, 159, 3
39, 160, 7
39, 163, 1
39, 164, 1
39, 170, 1
39, 174, 1
39, 183, 1
39, 200, 1
39, 211, 2
39, 216, 1
39, 224, 3
39, 227, 1
39, 230, 2
39, 231, 1
39, 237, 1
39, 241, 2
39, 242, 2
39, 245, 1
39, 255, 2
39, 259, 1
39, 266, 1
39, 274, 1
39, 284, 1
39, 286, 1
39, 305, 3
39, 318, 1
39, 321, 1
39, 323, 1
39, 334, 3
39, 335, 1
39, 336, 1
39, 337, 1
39, 370, 1
39, 376, 8
39, 379, 1
39, 397, 1
39, 400, 1
39, 405, 1
39, 406, 2
39, 408, 3
39, 410, 1
39, 427, 2
39, 431, 1
39, 444, 1
39, 447, 2
39, 472, 1
39, 486, 1
39, 492, 1
39, 501, 1
39, 525, 1
39, 541, 1
39, 546, 1
39, 568, 1
39, 572, 1
39, 574, 1
39, 575, 2
39, 585, 1
39, 607, 1
39, 617, 2
39, 664, 1
39, 672, 1
39, 748, 3
39, 753, 1
39, 778, 1
39, 799, 3
39, 802, 2
39, 835, 1
39, 837, 1
39, 839, 1
39, 862, 4
39, 879, 1
39, 932, 1
39, 952, 1
39, 964, 1
39, 984, 2
39, 1056, 2
39, 1070, 1
39, 1088, 1
39, 1103, 1
39, 1137, 1
39, 1156, 4
39, 1190, 1
39, 1195, 1
39, 1299, 1
39, 1300, 1
39, 1357, 1
39, 1414, 1
39, 1625, 1
39, 1668, 1
39, 1740, 1
39, 1787, 1
39, 1972, 2
39, 1995, 1
39, 2012, 1
39, 2179, 1
39, 2193, 1
39, 2312, 1
39, 2328, 2
39, 2444, 1
39, 2503, 2
39, 2507, 1
39, 2655, 2
39, 2933, 1
39, 3121, 2
39, 3376, 1
39, 3450, 1
39, 3600, 1
39, 3649, 1
39, 3797, 1
39, 4130, 1
39, 4232, 1
39, 4651, 1
39, 4739, 1
39, 4981, 1
39, 4993, 1
39, 5062, 1
39, 5151, 1
39, 5322, 1
39, 6157, 1
40, 1, 10
40, 2, 3
40, 3, 15
40, 6, 10
40, 7, 6
40, 8, 4
40, 9, 4
40, 10, 3
40, 11, 2
40, 12, 1
40, 15, 6
40, 16, 1
40, 18, 1
40, 22, 5
40, 23, 3
40, 24, 3
40, 26, 5
40, 27, 3
40, 28, 5
40, 29, 1
40, 30, 3
40, 31, 1
40, 32, 2
40, 35, 1
40, 36, 4
40, 37, 1
40, 40, 7
40, 41, 1
40, 42, 4
40, 47, 1
40, 50, 1
40, 51, 2
40, 52, 1
40, 55, 5
40, 63, 2
40, 65, 1
40, 68, 7
40, 71, 2
40, 73, 1
40, 78, 1
40, 79, 5
40, 80, 1
40, 85, 5
40, 86, 2
40, 89, 2
40, 90, 1
40, 96, 1
40, 97, 17
40, 99, 5
40, 105, 2
40, 110, 1
40, 112, 2
40, 113, 2
40, 115, 1
40, 117, 10
40, 118, 3
40, 120, 2
40, 121, 2
40, 126, 4
40, 128, 1
40, 129, 1
40, 131, 1
40, 141, 1
40, 142, 11
40, 147, 2
40, 152, 1
40, 155, 6
40, 157, 7
40, 158, 2
40, 162, 1
40, 164, 1
40, 165, 1
40, 166, 1
40, 170, 1
40, 178, 1
40, 180, 1
40, 183, 2
40, 185, 1
40, 186, 1
40, 189, 5
40, 197, 1
40, 200, 2
40, 215, 3
40, 223, 1
40, 231, 3
40, 233, 2
40, 236, 2
40, 238, 1
40, 243, 2
40, 244, 1
40, 249, 1
40, 254, 1
40, 260, 1
40, 263, 1
40, 264, 1
40, 270, 1
40, 271, 5
40, 272, 3
40, 280, 2
40, 284, 1
40, 291, 1
40, 297, 2
40, 298, 1
40, 305, 3
40, 312, 1
40, 318, 1
40, 359, 1
40, 367, 1
40, 372, 2
40, 378, 1
40, 385, 1
40, 398, 2
40, 400, 1
40, 401, 6
40, 405, 1
40, 410, 1
40, 431, 2
40, 434, 1
40, 438, 5
40, 442, 4
40, 447, 2
40, 462, 1
40, 468, 4
40, 485, 1
40, 486, 1
40, 515, 3
40, 525, 2
40, 528, 2
40, 536, 3
40, 546, 1
40, 550, 3
40, 566, 1
40, 569, 2
40, 601, 2
40, 619, 1
40, 626, 1
40, 642, 3
40, 658, 3
40, 664, 1
40, 711, 1
40, 715, 1
40, 725, 2
40, 727, 1
40, 740, 1
40, 742, 3
40, 750, 2
40, 760, 1
40, 764, 3
40, 781, 1
40, 787, 1
40, 791, 1
40, 792, 1
40, 796, 1
40, 808, 1
40, 822, 6
40, 856, 1
40, 864, 6
40, 894, 3
40, 920, 1
40, 937, 4
40, 938, 1
40, 1011, 5
40, 1014, 5
40, 1019, 1
40, 1020, 2
40, 1043, 2
40, 1046, 1
40, 1052, 5
40, 1053, 2
40, 1088, 1
40, 1113, 1
40, 1116, 1
40, 1151, 3
40, 1160, 4
40, 1176, 1
40, 1178, 2
40, 1207, 3
40, 1241, 1
40, 1253, 4
40, 1312, 1
40, 1335, 3
40, 1349, 1
40, 1359, 2
40, 1367, 1
40, 1392, 1
40, 1414, 1
40, 1439, 1
40, 1447, 2
40, 1451, 3
40, 1454, 1
40, 1464, 1
40, 1478, 1
40, 1507, 3
40, 1508, 2
40, 1531, 3
40, 1533, 2
40, 1534, 1
40, 1566, 1
40, 1575, 1
40, 1619, 1
40, 1636, 1
40, 1700, 1
40, 1714, 1
40, 1721, 1
40, 1730, 1
40, 1733, 2
40, 1788, 1
40, 1809, 1
40, 1828, 1
40, 1830, 1
40, 1921, 1
40, 1934, 1
40, 2045, 1
40, 2087, 1
40, 2156, 2
40, 2165, 1
40, 2183, 1
40, 2215, 1
40, 2242, 2
40, 2251, 2
40, 2294, 1
40, 2314, 1
40, 2337, 1
40, 2363, 1
40, 2400, 1
40, 2417, 1
40, 2422, 1
40, 2464, 1
40, 2508, 1
40, 2645, 1
40, 2691, 1
40, 2709, 1
40, 2721, 1
40, 2780, 1
40, 2852, 1
40, 2878, 1
40, 2959, 1
40, 3012, 1
40, 3013, 1
40, 3029, 1
40, 3030, 1
40, 3052, 1
40, 3076, 1
40, 3105, 1
40, 3108, 1
40, 3153, 1
40, 3217, 1
40, 3246, 1
40, 3265, 1
40, 3284, 1
40, 3333, 1
40, 3351, 1
40, 3424, 1
40, 3431, 1
40, 3433, 1
40, 3457, 1
40, 3499, 1
40, 3639, 1
40, 3647, 1
40, 3729, 1
40, 3742, 1
40, 3784, 1
40, 3807, 1
40, 3810, 1
40, 3822, 1
40, 3832, 1
40, 3834, 1
40, 3881, 1
40, 3944, 1
40, 3969, 1
40, 4004, 1
40, 4015, 1
40, 5721, 1
41, 3, 1
41, 7, 1
41, 8, 2
41, 15, 1
41, 17, 2
41, 18, 2
41, 19, 2
41, 20, 1
41, 22, 2
41, 44, 1
41, 45, 2
41, 46, 1
41, 47, 1
41, 50, 1
41, 52, 1
41, 61, 1
41, 65, 1
41, 75, 1
41, 79, 1
41, 81, 4
41, 84, 1
41, 91, 1
41, 96, 1
41, 105, 1
41, 107, 2
41, 116, 1
41, 124, 1
41, 126, 1
41, 131, 3
41, 138, 1
41, 170, 1
41, 178, 1
41, 183, 2
41, 205, 3
41, 220, 1
41, 221, 1
41, 259, 1
41, 301, 1
41, 302, 1
41, 347, 1
41, 371, 2
41, 397, 1
41, 399, 1
41, 437, 1
41, 454, 1
41, 460, 1
41, 467, 1
41, 499, 1
41, 559, 1
41, 586, 2
41, 627, 1
41, 645, 1
41, 783, 1
41, 797, 1
41, 896, 4
41, 922, 1
41, 1008, 1
41, 1016, 1
41, 1046, 1
41, 1121, 1
41, 1243, 1
41, 1283, 1
41, 1302, 1
41, 1549, 1
41, 2060, 1
41, 2216, 1
41, 2339, 1
41, 2498, 1
41, 2937, 2
41, 3447, 1
41, 3851, 1
41, 4110, 2
41, 4891, 1
41, 4924, 2
41, 4932, 2
41, 5489, 1
41, 5631, 2
41, 5898, 1
42, 1, 1
42, 2, 1
42, 3, 4
42, 6, 1
42, 7, 17
42, 8, 1
42, 9, 4
42, 10, 1
42, 11, 1
42, 13, 5
42, 15, 2
42, 17, 4
42, 18, 8
42, 20, 1
42, 22, 1
42, 23, 2
42, 24, 1
42, 25, 2
42, 28, 2
42, 32, 1
42, 34, 1
42, 37, 7
42, 38, 1
42, 39, 1
42, 40, 3
42, 42, 1
42, 48, 7
42, 50, 1
42, 59, 1
42, 61, 3
42, 63, 2
42, 67, 4
42, 70, 4
42, 71, 2
42, 78, 5
42, 82, 1
42, 88, 1
42, 90, 1
42, 93, 1
42, 95, 7
42, 96, 1
42, 100, 1
42, 101, 2
42, 102, 1
42, 104, 1
42, 105, 1
42, 106, 1
42, 108, 1
42, 120, 2
42, 123, 2
42, 124, 1
42, 127, 2
42, 129, 1
42, 134, 1
42, 136, 2
42, 144, 1
42, 152, 2
42, 155, 2
42, 157, 1
42, 162, 2
42, 163, 1
42, 173, 4
42, 178, 3
42, 179, 1
42, 181, 4
42, 194, 11
42, 206, 1
42, 212, 1
42, 213, 2
42, 216, 1
42, 224, 4
42, 237, 1
42, 241, 1
42, 242, 2
42, 249, 1
42, 259, 1
42, 266, 2
42, 277, 2
42, 280, 2
42, 283, 1
42, 284, 13
42, 291, 3
42, 292, 2
42, 294, 3
42, 317, 1
42, 321, 4
42, 337, 1
42, 349, 2
42, 359, 3
42, 369, 1
42, 370, 1
42, 379, 1
42, 392, 1
42, 434, 1
42, 460, 1
42, 466, 2
42, 472, 1
42, 477, 1
42, 505, 1
42, 558, 1
42, 585, 7
42, 593, 1
42, 608, 1
42, 611, 1
42, 622, 1
42, 643, 1
42, 677, 1
42, 683, 1
42, 688, 1
42, 733, 1
42, 741, 1
42, 745, 1
42, 748, 1
42, 788, 1
42, 790, 1
42, 794, 1
42, 795, 1
42, 805, 1
42, 807, 1
42, 838, 1
42, 868, 1
42, 888, 4
42, 915, 1
42, 1088, 1
42, 1102, 1
42, 1108, 13
42, 1143, 1
42, 1164, 1
42, 1277, 1
42, 1288, 1
42, 1374, 3
42, 1413, 1
42, 1473, 1
42, 1477, 1
42, 1514, 1
42, 1607, 1
42, 1630, 2
42, 1683, 1
42, 1695, 1
42, 1708, 1
42, 1717, 1
42, 1789, 1
42, 1891, 1
42, 1909, 2
42, 1973, 2
42, 2006, 2
42, 2075, 1
42, 2129, 1
42, 2130, 1
42, 2199, 1
42, 2224, 2
42, 2240, 1
42, 2276, 1
42, 2312, 1
42, 2328, 1
42, 2415, 1
42, 2584, 3
42, 2620, 5
42, 2665, 1
42, 2728, 4
42, 2737, 1
42, 2794, 1
42, 2911, 1
42, 2917, 1
42, 2991, 1
42, 3031, 1
42, 3136, 1
42, 3161, 1
42, 3200, 1
42, 3203, 1
42, 3380, 1
42, 3439, 1
42, 3477, 1
42, 3619, 2
42, 3775, 1
42, 3808, 1
42, 3922, 1
42, 3939, 2
42, 4034, 1
42, 4108, 1
42, 4253, 1
42, 4903, 2
42, 5046, 1
42, 5076, 2
42, 5261, 1
42, 5342, 2
42, 5383, 1
42, 5502, 1
42, 5522, 1
42, 5538, 1
42, 5787, 2
42, 5823, 1
42, 5846, 1
42, 5877, 1
42, 5954, 1
42, 5985, 1
42, 6057, 1
42, 6070, 1
42, 6163, 1
42, 6180, 1
42, 6519, 1
42, 6531, 1
42, 6551, 1
42, 6648, 1
42, 6714, 1
42, 6902, 1
42, 6919, 1
42, 6947, 1
42, 7212, 1
42, 7238, 1
42, 7544, 1
42, 8125, 1
42, 8322, 1
42, 8463, 1
42, 8604, 1
42, 8613, 1
42, 9175, 1
42, 9369, 1
42, 9424, 1
42, 9498, 1
42, 9568, 1
42, 10137, 1
42, 10168, 1
42, 10385, 1
42, 10617, 1
42, 10772, 1
42, 11314, 1
43, 1, 15
43, 2, 12
43, 3, 6
43, 6, 11
43, 8, 1
43, 9, 2
43, 10, 6
43, 11, 3
43, 12, 3
43, 13, 4
43, 14, 3
43, 17, 1
43, 20, 1
43, 23, 7
43, 24, 1
43, 25, 3
43, 27, 6
43, 28, 1
43, 31, 6
43, 32, 2
43, 34, 2
43, 35, 3
43, 36, 1
43, 39, 1
43, 40, 4
43, 41, 1
43, 44, 1
43, 46, 2
43, 47, 3
43, 54, 4
43, 55, 4
43, 58, 4
43, 60, 6
43, 63, 1
43, 65, 1
43, 67, 4
43, 68, 1
43, 70, 2
43, 71, 1
43, 75, 4
43, 79, 2
43, 80, 2
43, 81, 3
43, 82, 1
43, 84, 5
43, 85, 5
43, 86, 3
43, 90, 1
43, 91, 1
43, 92, 6
43, 96, 1
43, 109, 1
43, 114, 1
43, 117, 2
43, 121, 1
43, 123, 2
43, 124, 1
43, 125, 4
43, 126, 3
43, 129, 1
43, 139, 1
43, 143, 2
43, 155, 1
43, 156, 1
43, 158, 1
43, 159, 3
43, 160, 7
43, 163, 1
43, 164, 1
43, 170, 1
43, 174, 1
43, 183, 1
43, 200, 1
43, 211, 2
43, 216, 1
43, 224, 3
43, 227, 1
43, 230, 2
43, 231, 1
43, 237, 1
43, 241, 2
43, 242, 2
43, 245, 1
43, 255, 2
43, 259, 1
43, 266, 1
43, 274, 1
43, 284, 1
43, 286, 1
43, 305, 3
43, 318, 1
43, 321, 1
43, 323, 1
43, 334, 3
43, 335, 1
43, 336, 1
43, 337, 1
43, 370, 1
43, 376, 8
43, 379, 1
43, 397, 1
43, 400, 1
43, 405, 1
43, 406, 2
43, 408, 3
43, 410, 1
43, 427, 2
43, 431, 1
43, 444, 1
43, 447, 2
43, 472, 1
43, 486, 1
43, 492, 1
43, 501, 1
43, 525, 1
43, 541, 1
43, 546, 1
43, 568, 1
43, 572, 1
43, 574, 1
43, 575, 2
43, 585, 1
43, 607, 1
43, 617, 2
43, 664, 1
43, 672, 1
43, 748, 3
43, 753, 1
43, 778, 1
43, 799, 3
43, 802, 2
43, 835, 1
43, 837, 1
43, 839, 1
43, 862, 4
43, 879, 1
43, 932, 1
43, 952, 1
43, 964, 1
43, 984, 2
43, 1056, 2
43, 1070, 1
43, 1088, 1
43, 1103, 1
43, 1137, 1
43, 1156, 4
43, 1190, 1
43, 1195, 1
43, 1299, 1
43, 1357, 1
43, 1414, 1
43, 1625, 1
43, 1668, 1
43, 1740, 1
43, 1787, 1
43, 1972, 2
43, 1995, 1
43, 2012, 1
43, 2179, 1
43, 2193, 1
43, 2312, 1
43, 2328, 2
43, 2444, 1
43, 2503, 2
43, 2507, 1
43, 2655, 2
43, 2933, 1
43, 3121, 2
43, 3376, 1
43, 3450, 1
43, 3600, 1
43, 3649, 1
43, 3797, 1
43, 4130, 1
43, 4232, 1
43, 4651, 1
43, 4739, 1
43, 4981, 1
43, 4993, 1
43, 5062, 1
43, 5151, 1
43, 5322, 1
43, 10869, 1
44, 1, 1
44, 12, 1
44, 17, 2
44, 18, 2
44, 23, 2
44, 29, 1
44, 58, 2
44, 61, 1
44, 64, 1
44, 71, 1
44, 77, 5
44, 99, 1
44, 131, 1
44, 166, 1
44, 170, 1
44, 200, 1
44, 230, 1
44, 258, 1
44, 259, 1
44, 291, 1
44, 317, 1
44, 562, 1
44, 1708, 1
44, 1903, 1
44, 2849, 1
44, 3026, 1
44, 6218, 1
44, 6389, 1
44, 8648, 1
45, 18, 1
45, 19, 2
45, 28, 2
45, 29, 2
45, 32, 1
45, 45, 2
45, 47, 1
45, 56, 2
45, 66, 2
45, 120, 1
45, 126, 1
45, 146, 2
45, 150, 1
45, 215, 3
45, 375, 1
45, 420, 1
45, 518, 1
45, 590, 1
45, 626, 1
45, 828, 1
45, 883, 1
45, 959, 1
45, 1047, 1
45, 1107, 1
45, 1385, 1
45, 1741, 1
45, 1876, 1
45, 1889, 1
45, 4307, 1
45, 8182, 1
45, 8614, 1
45, 11244, 1
46, 1, 10
46, 2, 7
46, 3, 8
46, 5, 1
46, 6, 2
46, 8, 10
46, 9, 4
46, 10, 4
46, 11, 1
46, 12, 2
46, 13, 19
46, 14, 4
46, 15, 3
46, 16, 6
46, 17, 1
46, 23, 13
46, 24, 9
46, 25, 2
46, 27, 1
46, 28, 1
46, 30, 1
46, 32, 1
46, 34, 5
46, 35, 11
46, 36, 2
46, 38, 5
46, 39, 9
46, 41, 3
46, 44, 5
46, 46, 1
46, 47, 1
46, 50, 4
46, 52, 1
46, 53, 1
46, 54, 3
46, 56, 1
46, 59, 1
46, 64, 3
46, 65, 1
46, 71, 2
46, 75, 2
46, 78, 1
46, 80, 1
46, 81, 2
46, 82, 4
46, 89, 2
46, 95, 1
46, 98, 3
46, 99, 1
46, 102, 1
46, 103, 1
46, 106, 3
46, 110, 1
46, 112, 1
46, 113, 1
46, 115, 1
46, 122, 1
46, 127, 1
46, 134, 1
46, 136, 1
46, 137, 7
46, 141, 4
46, 142, 1
46, 143, 2
46, 144, 2
46, 149, 1
46, 153, 2
46, 156, 2
46, 160, 5
46, 163, 2
46, 166, 2
46, 170, 2
46, 172, 2
46, 175, 1
46, 176, 1
46, 179, 1
46, 190, 1
46, 192, 1
46, 196, 1
46, 197, 1
46, 199, 4
46, 202, 1
46, 204, 1
46, 207, 3
46, 211, 1
46, 216, 2
46, 223, 1
46, 230, 1
46, 231, 1
46, 232, 1
46, 237, 2
46, 239, 1
46, 244, 2
46, 246, 1
46, 249, 1
46, 250, 2
46, 252, 1
46, 257, 1
46, 262, 1
46, 268, 2
46, 270, 1
46, 271, 1
46, 280, 1
46, 283, 3
46, 284, 2
46, 287, 1
46, 289, 1
46, 290, 1
46, 296, 1
46, 300, 1
46, 301, 1
46, 303, 2
46, 311, 3
46, 314, 1
46, 330, 2
46, 337, 2
46, 342, 2
46, 347, 1
46, 351, 2
46, 355, 2
46, 359, 2
46, 362, 2
46, 376, 1
46, 386, 2
46, 389, 1
46, 394, 2
46, 403, 2
46, 404, 1
46, 411, 2
46, 419, 1
46, 427, 1
46, 429, 1
46, 435, 2
46, 449, 2
46, 451, 1
46, 455, 1
46, 466, 2
46, 476, 1
46, 482, 1
46, 485, 1
46, 490, 1
46, 495, 2
46, 507, 1
46, 513, 1
46, 514, 1
46, 519, 3
46, 522, 1
46, 529, 1
46, 537, 1
46, 541, 1
46, 554, 3
46, 570, 1
46, 572, 1
46, 585, 1
46, 593, 1
46, 596, 1
46, 597, 1
46, 598, 2
46, 604, 1
46, 631, 1
46, 632, 1
46, 633, 4
46, 651, 1
46, 665, 1
46, 698, 2
46, 706, 2
46, 724, 1
46, 733, 1
46, 756, 2
46, 764, 1
46, 775, 1
46, 791, 1
46, 874, 1
46, 916, 1
46, 919, 3
46, 952, 1
46, 953, 2
46, 956, 1
46, 963, 1
46, 972, 1
46, 982, 1
46, 1009, 4
46, 1017, 1
46, 1024, 1
46, 1027, 2
46, 1045, 1
46, 1063, 1
46, 1070, 1
46, 1086, 1
46, 1107, 1
46, 1143, 2
46, 1146, 1
46, 1184, 1
46, 1187, 1
46, 1191, 1
46, 1221, 1
46, 1227, 2
46, 1234, 1
46, 1235, 1
46, 1284, 1
46, 1287, 1
46, 1301, 1
46, 1309, 1
46, 1316, 2
46, 1327, 1
46, 1331, 1
46, 1345, 1
46, 1389, 1
46, 1406, 1
46, 1477, 1
46, 1494, 1
46, 1558, 2
46, 1574, 1
46, 1622, 1
46, 1624, 1
46, 1626, 1
46, 1647, 1
46, 1660, 1
46, 1663, 1
46, 1759, 1
46, 1804, 2
46, 1818, 1
46, 1886, 1
46, 1895, 1
46, 1928, 1
46, 1978, 1
46, 2015, 1
46, 2063, 1
46, 2151, 1
46, 2225, 1
46, 2364, 1
46, 2466, 5
46, 2511, 1
46, 2516, 1
46, 2518, 1
46, 2665, 1
46, 2816, 1
46, 2848, 1
46, 2917, 1
46, 3065, 1
46, 3085, 2
46, 3386, 1
46, 3467, 1
46, 3569, 1
46, 3695, 1
46, 3874, 1
46, 4084, 1
46, 4274, 1
46, 4309, 1
46, 4445, 1
46, 4526, 2
46, 4635, 1
46, 4641, 1
46, 4736, 2
46, 5150, 1
46, 5212, 1
46, 5466, 1
46, 5551, 1
46, 5592, 1
46, 5911, 1
46, 6376, 1
46, 6425, 1
46, 6691, 1
46, 7640, 1
46, 7667, 1
46, 8152, 1
46, 8284, 1
46, 8494, 1
46, 9780, 1
46, 10031, 1
46, 10139, 1
46, 10185, 1
46, 10199, 1
46, 10296, 1
46, 10321, 1
46, 10400, 1
46, 10462, 1
46, 10770, 1
46, 10808, 1
46, 10831, 1
46, 10875, 1
47, 1, 5
47, 2, 3
47, 3, 15
47, 6, 6
47, 7, 8
47, 8, 9
47, 9, 3
47, 10, 2
47, 11, 2
47, 12, 10
47, 13, 3
47, 14, 3
47, 15, 2
47, 16, 2
47, 17, 7
47, 18, 4
47, 22, 3
47, 23, 21
47, 24, 3
47, 25, 3
47, 28, 6
47, 30, 1
47, 32, 6
47, 34, 2
47, 35, 5
47, 36, 8
47, 37, 6
47, 38, 10
47, 39, 7
47, 41, 1
47, 44, 2
47, 46, 1
47, 47, 3
47, 48, 1
47, 49, 2
47, 50, 11
47, 51, 2
47, 52, 5
47, 53, 1
47, 54, 1
47, 57, 6
47, 59, 2
47, 61, 4
47, 63, 1
47, 67, 1
47, 68, 1
47, 71, 6
47, 72, 30
47, 73, 1
47, 74, 2
47, 75, 5
47, 77, 9
47, 78, 3
47, 79, 5
47, 80, 4
47, 81, 13
47, 82, 1
47, 84, 5
47, 86, 3
47, 88, 1
47, 90, 2
47, 91, 1
47, 92, 3
47, 93, 10
47, 95, 8
47, 96, 3
47, 98, 1
47, 100, 1
47, 102, 1
47, 103, 1
47, 104, 1
47, 105, 1
47, 106, 4
47, 112, 1
47, 114, 1
47, 115, 9
47, 116, 1
47, 118, 2
47, 120, 2
47, 123, 7
47, 124, 8
47, 125, 3
47, 126, 1
47, 128, 1
47, 131, 15
47, 133, 6
47, 138, 2
47, 139, 1
47, 141, 8
47, 144, 2
47, 145, 3
47, 146, 1
47, 147, 2
47, 148, 1
47, 149, 1
47, 150, 2
47, 151, 4
47, 152, 1
47, 156, 1
47, 160, 4
47, 161, 1
47, 162, 2
47, 164, 1
47, 170, 2
47, 176, 4
47, 177, 9
47, 178, 8
47, 179, 6
47, 181, 2
47, 185, 1
47, 190, 3
47, 191, 2
47, 192, 2
47, 194, 2
47, 198, 4
47, 199, 1
47, 200, 2
47, 204, 2
47, 206, 2
47, 207, 1
47, 210, 1
47, 212, 1
47, 213, 1
47, 216, 2
47, 217, 1
47, 218, 2
47, 219, 4
47, 220, 2
47, 221, 2
47, 222, 1
47, 223, 2
47, 228, 1
47, 230, 1
47, 232, 2
47, 233, 2
47, 235, 1
47, 236, 1
47, 237, 1
47, 239, 2
47, 240, 2
47, 242, 1
47, 245, 1
47, 247, 1
47, 250, 3
47, 253, 1
47, 255, 1
47, 257, 2
47, 259, 1
47, 263, 8
47, 269, 2
47, 270, 1
47, 272, 4
47, 274, 2
47, 277, 1
47, 278, 9
47, 279, 2
47, 280, 1
47, 281, 2
47, 283, 1
47, 284, 8
47, 285, 1
47, 287, 2
47, 288, 1
47, 289, 1
47, 290, 1
47, 291, 1
47, 293, 5
47, 294, 2
47, 295, 1
47, 298, 2
47, 300, 3
47, 301, 1
47, 307, 3
47, 310, 1
47, 312, 1
47, 314, 2
47, 319, 3
47, 320, 5
47, 321, 3
47, 325, 1
47, 326, 1
47, 327, 1
47, 329, 14
47, 330, 1
47, 332, 1
47, 351, 1
47, 356, 2
47, 357, 1
47, 359, 2
47, 362, 1
47, 364, 1
47, 368, 3
47, 369, 3
47, 370, 1
47, 373, 1
47, 375, 1
47, 376, 1
47, 377, 1
47, 379, 3
47, 384, 1
47, 386, 3
47, 388, 10
47, 389, 1
47, 392, 2
47, 394, 1
47, 399, 2
47, 402, 5
47, 411, 1
47, 419, 3
47, 425, 1
47, 430, 1
47, 432, 4
47, 434, 2
47, 435, 1
47, 436, 1
47, 440, 1
47, 442, 1
47, 444, 1
47, 454, 1
47, 455, 1
47, 460, 5
47, 461, 1
47, 463, 1
47, 464, 1
47, 466, 1
47, 469, 6
47, 471, 2
47, 472, 1
47, 474, 2
47, 475, 2
47, 483, 3
47, 484, 1
47, 492, 2
47, 494, 1
47, 500, 2
47, 504, 1
47, 512, 1
47, 516, 2
47, 517, 15
47, 518, 1
47, 519, 2
47, 529, 1
47, 531, 1
47, 535, 1
47, 537, 2
47, 538, 2
47, 539, 2
47, 540, 2
47, 547, 1
47, 551, 1
47, 558, 1
47, 561, 1
47, 562, 1
47, 563, 1
47, 566, 7
47, 568, 1
47, 570, 1
47, 572, 3
47, 576, 7
47, 578, 2
47, 579, 2
47, 581, 1
47, 583, 2
47, 586, 1
47, 587, 1
47, 593, 2
47, 600, 2
47, 601, 1
47, 603, 1
47, 605, 1
47, 606, 1
47, 608, 2
47, 616, 6
47, 619, 2
47, 625, 1
47, 627, 1
47, 628, 1
47, 631, 1
47, 632, 1
47, 637, 1
47, 638, 3
47, 640, 1
47, 645, 2
47, 646, 1
47, 649, 1
47, 661, 1
47, 665, 3
47, 671, 1
47, 672, 4
47, 673, 1
47, 688, 1
47, 691, 2
47, 693, 2
47, 695, 1
47, 700, 1
47, 702, 1
47, 714, 1
47, 723, 1
47, 735, 1
47, 738, 2
47, 744, 2
47, 745, 1
47, 748, 1
47, 753, 1
47, 756, 3
47, 767, 1
47, 778, 1
47, 784, 2
47, 787, 1
47, 794, 2
47, 795, 1
47, 801, 1
47, 802, 1
47, 804, 2
47, 811, 1
47, 813, 1
47, 818, 2
47, 832, 1
47, 847, 1
47, 849, 1
47, 850, 1
47, 865, 1
47, 874, 1
47, 888, 3
47, 896, 1
47, 903, 1
47, 906, 1
47, 911, 1
47, 915, 3
47, 921, 1
47, 922, 3
47, 923, 1
47, 926, 1
47, 932, 2
47, 933, 1
47, 940, 1
47, 948, 1
47, 949, 1
47, 952, 1
47, 954, 1
47, 957, 3
47, 969, 1
47, 979, 1
47, 983, 1
47, 993, 1
47, 1008, 3
47, 1010, 1
47, 1016, 9
47, 1017, 5
47, 1024, 1
47, 1032, 2
47, 1042, 1
47, 1057, 2
47, 1062, 1
47, 1067, 1
47, 1073, 1
47, 1077, 2
47, 1079, 3
47, 1083, 1
47, 1088, 3
47, 1094, 1
47, 1107, 1
47, 1114, 1
47, 1121, 1
47, 1125, 1
47, 1141, 1
47, 1143, 4
47, 1163, 2
47, 1175, 1
47, 1182, 1
47, 1194, 1
47, 1211, 1
47, 1220, 1
47, 1235, 2
47, 1245, 1
47, 1246, 3
47, 1256, 1
47, 1269, 1
47, 1271, 1
47, 1291, 1
47, 1296, 1
47, 1333, 1
47, 1348, 1
47, 1356, 1
47, 1364, 1
47, 1374, 4
47, 1389, 1
47, 1390, 3
47, 1393, 1
47, 1418, 9
47, 1427, 1
47, 1430, 1
47, 1438, 1
47, 1458, 4
47, 1459, 1
47, 1471, 1
47, 1500, 1
47, 1512, 1
47, 1516, 1
47, 1521, 1
47, 1529, 2
47, 1540, 1
47, 1544, 1
47, 1551, 1
47, 1560, 3
47, 1563, 9
47, 1576, 9
47, 1579, 1
47, 1592, 9
47, 1612, 1
47, 1619, 1
47, 1626, 1
47, 1630, 1
47, 1638, 1
47, 1663, 1
47, 1666, 1
47, 1683, 1
47, 1705, 7
47, 1707, 6
47, 1734, 1
47, 1759, 2
47, 1789, 1
47, 1797, 8
47, 1804, 4
47, 1816, 2
47, 1822, 1
47, 1829, 1
47, 1846, 2
47, 1851, 1
47, 1857, 2
47, 1862, 1
47, 1869, 7
47, 1903, 1
47, 1904, 1
47, 1907, 2
47, 1912, 1
47, 1921, 1
47, 1962, 2
47, 2006, 1
47, 2023, 4
47, 2041, 1
47, 2064, 1
47, 2069, 1
47, 2102, 6
47, 2135, 1
47, 2167, 1
47, 2176, 2
47, 2194, 1
47, 2209, 1
47, 2230, 1
47, 2237, 1
47, 2272, 2
47, 2278, 2
47, 2307, 1
47, 2311, 1
47, 2330, 1
47, 2334, 2
47, 2360, 1
47, 2371, 1
47, 2382, 1
47, 2385, 1
47, 2392, 1
47, 2393, 1
47, 2478, 1
47, 2479, 1
47, 2488, 1
47, 2506, 1
47, 2518, 1
47, 2599, 1
47, 2603, 1
47, 2622, 1
47, 2659, 1
47, 2668, 1
47, 2678, 1
47, 2703, 1
47, 2710, 1
47, 2860, 1
47, 2932, 1
47, 2934, 1
47, 2945, 1
47, 2995, 1
47, 3027, 1
47, 3169, 1
47, 3182, 1
47, 3184, 1
47, 3200, 1
47, 3205, 1
47, 3224, 1
47, 3231, 1
47, 3232, 1
47, 3251, 1
47, 3253, 1
47, 3332, 2
47, 3344, 1
47, 3373, 3
47, 3386, 1
47, 3450, 1
47, 3467, 1
47, 3531, 3
47, 3558, 2
47, 3560, 1
47, 3600, 1
47, 3625, 1
47, 3666, 1
47, 3707, 3
47, 3721, 1
47, 3735, 1
47, 3745, 1
47, 3829, 2
47, 3833, 1
47, 3847, 3
47, 3851, 1
47, 3854, 1
47, 3869, 1
47, 3921, 1
47, 3935, 1
47, 3987, 1
47, 4018, 1
47, 4073, 2
47, 4083, 1
47, 4108, 1
47, 4119, 1
47, 4139, 1
47, 4159, 1
47, 4185, 1
47, 4220, 1
47, 4251, 1
47, 4253, 1
47, 4258, 1
47, 4305, 1
47, 4342, 1
47, 4348, 2
47, 4425, 1
47, 4445, 1
47, 4451, 2
47, 4468, 1
47, 4475, 1
47, 4535, 1
47, 4653, 2
47, 4737, 1
47, 4749, 1
47, 4777, 1
47, 4803, 1
47, 4867, 1
47, 4875, 2
47, 4944, 1
47, 4961, 2
47, 4996, 2
47, 5041, 1
47, 5048, 1
47, 5100, 1
47, 5105, 1
47, 5159, 1
47, 5261, 1
47, 5308, 2
47, 5329, 1
47, 5333, 1
47, 5363, 1
47, 5430, 1
47, 5464, 1
47, 5466, 1
47, 5484, 1
47, 5489, 1
47, 5522, 1
47, 5661, 1
47, 5723, 1
47, 5752, 2
47, 5855, 1
47, 6087, 1
47, 6175, 1
47, 6250, 1
47, 6356, 1
47, 6370, 1
47, 6416, 1
47, 6433, 1
47, 6449, 1
47, 6625, 1
47, 6631, 1
47, 6678, 1
47, 6810, 1
47, 6855, 1
47, 6896, 1
47, 6980, 1
47, 7224, 1
47, 7302, 1
47, 7463, 1
47, 7545, 1
47, 7566, 1
47, 7638, 1
47, 7826, 1
47, 7882, 1
47, 7965, 1
47, 8128, 1
47, 8140, 1
47, 8174, 1
47, 8222, 1
47, 8375, 1
47, 8496, 1
47, 8528, 1
47, 8730, 1
47, 8746, 1
47, 8834, 1
47, 8893, 1
47, 8988, 1
47, 9015, 1
47, 9023, 1
47, 9103, 1
47, 9222, 1
47, 9250, 1
47, 9462, 1
47, 9493, 1
47, 9597, 1
47, 9694, 1
47, 9712, 1
47, 9727, 1
47, 9847, 1
47, 9892, 1
47, 9926, 1
47, 9993, 1
47, 10003, 1
47, 10007, 1
47, 10097, 1
47, 10127, 1
47, 10346, 1
47, 10356, 1
47, 10393, 1
47, 10404, 1
47, 10416, 1
47, 10423, 1
47, 10424, 1
47, 10434, 1
47, 10479, 1
47, 10668, 1
47, 10687, 1
47, 10801, 1
47, 10847, 1
47, 10873, 1
47, 10914, 1
47, 10933, 1
47, 11227, 1
48, 1, 1
48, 2, 1
48, 9, 1
48, 12, 1
48, 16, 2
48, 17, 1
48, 18, 2
48, 22, 4
48, 26, 2
48, 31, 1
48, 34, 1
48, 39, 2
48, 64, 1
48, 68, 1
48, 75, 1
48, 80, 1
48, 91, 2
48, 98, 1
48, 109, 1
48, 117, 1
48, 118, 2
48, 131, 1
48, 160, 1
48, 181, 1
48, 191, 1
48, 198, 2
48, 201, 2
48, 230, 1
48, 237, 1
48, 247, 1
48, 253, 1
48, 263, 1
48, 280, 1
48, 284, 1
48, 298, 4
48, 317, 1
48, 319, 2
48, 342, 2
48, 369, 1
48, 393, 1
48, 399, 1
48, 414, 2
48, 440, 1
48, 606, 3
48, 615, 1
48, 645, 1
48, 673, 2
48, 755, 1
48, 843, 1
48, 932, 1
48, 1042, 1
48, 1046, 1
48, 1159, 1
48, 1181, 1
48, 1220, 1
48, 1279, 1
48, 1301, 1
48, 1343, 1
48, 1356, 1
48, 1357, 2
48, 1386, 1
48, 1607, 1
48, 1651, 1
48, 1705, 1
48, 1983, 1
48, 2179, 1
48, 2278, 2
48, 2285, 1
48, 2752, 1
48, 2785, 1
48, 2823, 1
48, 2900, 1
48, 3114, 1
48, 3175, 2
48, 3352, 1
48, 4687, 1
48, 4714, 2
48, 5073, 2
48, 5196, 2
48, 5692, 1
48, 6408, 1
48, 6711, 1
48, 7225, 1
48, 7272, 1
48, 8385, 1
48, 8737, 1
48, 10680, 1
48, 10713, 1
48, 10918, 1
49, 18, 1
49, 19, 1
49, 23, 2
49, 31, 3
49, 39, 1
49, 44, 1
49, 50, 3
49, 59, 2
49, 66, 1
49, 70, 1
49, 82, 1
49, 92, 1
49, 95, 1
49, 107, 1
49, 123, 1
49, 139, 1
49, 140, 1
49, 153, 4
49, 155, 1
49, 170, 1
49, 176, 1
49, 241, 1
49, 242, 1
49, 264, 2
49, 283, 3
49, 290, 1
49, 301, 1
49, 330, 1
49, 334, 4
49, 337, 1
49, 364, 1
49, 399, 1
49, 415, 3
49, 444, 1
49, 462, 3
49, 508, 1
49, 541, 1
49, 561, 1
49, 562, 1
49, 607, 1
49, 609, 1
49, 723, 2
49, 761, 1
49, 778, 1
49, 806, 1
49, 967, 1
49, 986, 2
49, 1040, 1
49, 1046, 1
49, 1286, 1
49, 1303, 1
49, 1469, 1
49, 1536, 1
49, 1650, 1
49, 1879, 1
49, 2591, 1
49, 3383, 1
49, 3968, 1
49, 5694, 1
49, 6226, 1
49, 6286, 1
49, 10302, 1
50, 7, 1
50, 12, 1
50, 14, 1
50, 18, 1
50, 20, 1
50, 22, 1
50, 34, 1
50, 46, 1
50, 51, 1
50, 70, 1
50, 75, 1
50, 80, 1
50, 86, 2
50, 91, 2
50, 97, 1
50, 104, 1
50, 107, 1
50, 124, 1
50, 137, 1
50, 140, 1
50, 150, 1
50, 176, 1
50, 177, 1
50, 186, 1
50, 194, 1
50, 210, 1
50, 217, 4
50, 224, 1
50, 232, 1
50, 250, 1
50, 263, 1
50, 269, 2
50, 274, 1
50, 277, 2
50, 297, 1
50, 316, 1
50, 332, 1
50, 335, 1
50, 351, 1
50, 356, 2
50, 362, 1
50, 365, 1
50, 368, 1
50, 432, 1
50, 451, 1
50, 457, 1
50, 541, 3
50, 561, 2
50, 562, 2
50, 575, 1
50, 606, 2
50, 611, 1
50, 644, 1
50, 665, 1
50, 738, 1
50, 783, 1
50, 795, 1
50, 820, 2
50, 824, 1
50, 829, 1
50, 862, 1
50, 930, 1
50, 968, 1
50, 1246, 1
50, 1491, 1
50, 1573, 1
50, 1819, 1
50, 1874, 1
50, 1889, 1
50, 2069, 1
50, 2179, 1
50, 2339, 1
50, 2393, 1
50, 2401, 3
50, 2461, 1
50, 2513, 1
50, 2617, 1
50, 2664, 1
50, 2676, 1
50, 2949, 1
50, 3244, 1
50, 3405, 1
50, 3631, 1
50, 3757, 1
50, 4022, 1
50, 4208, 1
50, 4300, 1
50, 4351, 1
50, 5124, 2
50, 5179, 2
50, 5213, 1
50, 5484, 1
50, 6273, 1
50, 6734, 1
50, 7374, 1
50, 7859, 1
50, 8734, 1
50, 9533, 1
50, 9642, 1
50, 10441, 1
50, 10897, 1
50, 11215, 1
51, 2, 1
51, 7, 1
51, 8, 2
51, 9, 2
51, 10, 1
51, 12, 1
51, 14, 2
51, 15, 1
51, 16, 1
51, 18, 1
51, 20, 1
51, 22, 1
51, 27, 1
51, 37, 1
51, 40, 1
51, 46, 2
51, 47, 1
51, 48, 1
51, 52, 1
51, 53, 3
51, 55, 1
51, 61, 1
51, 62, 1
51, 63, 1
51, 64, 2
51, 75, 1
51, 77, 1
51, 85, 1
51, 86, 1
51, 90, 1
51, 91, 1
51, 104, 1
51, 108, 1
51, 115, 1
51, 122, 1
51, 138, 1
51, 164, 1
51, 170, 1
51, 177, 2
51, 180, 2
51, 181, 1
51, 187, 1
51, 190, 1
51, 198, 1
51, 199, 1
51, 200, 1
51, 202, 1
51, 212, 1
51, 221, 1
51, 232, 1
51, 235, 1
51, 241, 1
51, 250, 2
51, 276, 1
51, 277, 1
51, 279, 1
51, 280, 1
51, 294, 1
51, 296, 1
51, 316, 1
51, 317, 2
51, 331, 2
51, 339, 1
51, 342, 1
51, 389, 1
51, 398, 1
51, 410, 1
51, 451, 1
51, 454, 6
51, 476, 1
51, 508, 1
51, 535, 1
51, 537, 1
51, 550, 1
51, 551, 1
51, 570, 1
51, 641, 1
51, 701, 1
51, 715, 1
51, 717, 1
51, 733, 1
51, 810, 1
51, 828, 4
51, 865, 1
51, 886, 1
51, 919, 1
51, 949, 1
51, 1016, 1
51, 1046, 1
51, 1051, 1
51, 1097, 1
51, 1252, 1
51, 1272, 1
51, 1301, 1
51, 1318, 1
51, 1362, 1
51, 1401, 1
51, 1714, 1
51, 1735, 1
51, 1788, 1
51, 1884, 1
51, 1892, 1
51, 1940, 1
51, 2202, 2
51, 2245, 1
51, 2997, 1
51, 3922, 1
51, 3957, 1
51, 4361, 1
51, 4380, 1
51, 4491, 1
51, 4521, 1
51, 5357, 1
51, 7592, 1
51, 8800, 1
51, 9245, 1
51, 10026, 1
51, 10349, 1
51, 10631, 1
52, 1, 14
52, 2, 20
52, 3, 9
52, 6, 1
52, 7, 8
52, 8, 4
52, 9, 2
52, 10, 6
52, 11, 10
52, 12, 2
52, 14, 6
52, 15, 3
52, 16, 7
52, 17, 2
52, 18, 1
52, 20, 1
52, 22, 7
52, 23, 1
52, 24, 1
52, 25, 3
52, 26, 10
52, 27, 8
52, 28, 10
52, 30, 3
52, 32, 1
52, 36, 2
52, 37, 3
52, 38, 3
52, 40, 2
52, 42, 7
52, 44, 2
52, 47, 1
52, 49, 3
52, 50, 2
52, 51, 1
52, 54, 1
52, 55, 2
52, 59, 1
52, 60, 10
52, 63, 1
52, 64, 2
52, 67, 8
52, 70, 1
52, 73, 2
52, 75, 1
52, 76, 1
52, 79, 1
52, 80, 1
52, 82, 3
52, 85, 3
52, 86, 2
52, 91, 2
52, 92, 10
52, 93, 1
52, 99, 2
52, 102, 1
52, 109, 1
52, 110, 1
52, 114, 1
52, 116, 1
52, 117, 5
52, 121, 3
52, 123, 1
52, 125, 1
52, 126, 6
52, 127, 1
52, 134, 6
52, 140, 1
52, 141, 1
52, 147, 2
52, 152, 1
52, 155, 1
52, 158, 1
52, 159, 1
52, 160, 1
52, 162, 1
52, 164, 1
52, 171, 1
52, 172, 1
52, 174, 1
52, 179, 4
52, 182, 4
52, 186, 1
52, 200, 1
52, 201, 2
52, 214, 1
52, 219, 1
52, 220, 1
52, 221, 1
52, 223, 2
52, 224, 3
52, 230, 2
52, 236, 2
52, 242, 1
52, 246, 1
52, 254, 1
52, 259, 1
52, 271, 1
52, 273, 2
52, 279, 1
52, 281, 3
52, 287, 3
52, 293, 1
52, 294, 1
52, 297, 1
52, 303, 1
52, 318, 1
52, 330, 2
52, 332, 1
52, 335, 1
52, 336, 2
52, 340, 1
52, 343, 1
52, 344, 1
52, 356, 1
52, 375, 2
52, 381, 1
52, 389, 1
52, 393, 1
52, 396, 1
52, 398, 1
52, 400, 1
52, 410, 1
52, 414, 1
52, 423, 1
52, 425, 1
52, 430, 1
52, 435, 1
52, 447, 2
52, 456, 1
52, 470, 1
52, 478, 1
52, 494, 1
52, 501, 1
52, 504, 1
52, 510, 2
52, 512, 2
52, 525, 2
52, 528, 1
52, 534, 1
52, 548, 1
52, 557, 1
52, 562, 2
52, 564, 1
52, 614, 1
52, 619, 1
52, 622, 1
52, 636, 2
52, 641, 2
52, 652, 1
52, 664, 2
52, 668, 2
52, 676, 1
52, 691, 1
52, 694, 1
52, 700, 1
52, 724, 2
52, 733, 1
52, 752, 1
52, 758, 1
52, 782, 1
52, 788, 1
52, 792, 1
52, 817, 2
52, 823, 1
52, 827, 1
52, 842, 1
52, 843, 2
52, 847, 1
52, 871, 3
52, 893, 1
52, 907, 1
52, 925, 1
52, 926, 2
52, 955, 2
52, 956, 1
52, 1025, 1
52, 1026, 1
52, 1028, 1
52, 1035, 1
52, 1061, 1
52, 1070, 1
52, 1096, 1
52, 1113, 1
52, 1137, 1
52, 1142, 2
52, 1167, 1
52, 1222, 1
52, 1230, 1
52, 1235, 1
52, 1244, 2
52, 1248, 1
52, 1268, 2
52, 1270, 1
52, 1299, 1
52, 1305, 1
52, 1366, 1
52, 1375, 1
52, 1381, 1
52, 1393, 1
52, 1397, 2
52, 1402, 1
52, 1461, 1
52, 1469, 1
52, 1474, 2
52, 1476, 1
52, 1524, 2
52, 1544, 1
52, 1545, 1
52, 1558, 1
52, 1619, 1
52, 1634, 1
52, 1643, 1
52, 1695, 1
52, 1703, 1
52, 1713, 1
52, 1723, 1
52, 1744, 1
52, 1754, 1
52, 1794, 2
52, 1851, 1
52, 1858, 1
52, 1885, 1
52, 1905, 1
52, 1936, 1
52, 1948, 2
52, 1958, 1
52, 1977, 1
52, 2060, 1
52, 2077, 1
52, 2081, 1
52, 2099, 1
52, 2108, 1
52, 2178, 1
52, 2180, 1
52, 2211, 2
52, 2258, 1
52, 2416, 1
52, 2448, 1
52, 2504, 1
52, 2570, 1
52, 2594, 1
52, 2672, 1
52, 2711, 1
52, 2729, 1
52, 2748, 1
52, 2827, 1
52, 2847, 1
52, 2872, 1
52, 2953, 1
52, 2988, 1
52, 3018, 1
52, 3045, 1
52, 3086, 1
52, 3107, 1
52, 3189, 1
52, 3564, 1
52, 3626, 1
52, 4120, 1
52, 4328, 1
52, 4390, 1
52, 4848, 1
53, 2, 2
53, 3, 2
53, 6, 1
53, 7, 2
53, 9, 1
53, 10, 1
53, 12, 5
53, 13, 2
53, 15, 3
53, 16, 1
53, 22, 3
53, 23, 4
53, 24, 3
53, 25, 1
53, 27, 1
53, 28, 2
53, 29, 1
53, 30, 1
53, 38, 1
53, 39, 2
53, 46, 1
53, 47, 1
53, 50, 1
53, 53, 1
53, 55, 14
53, 81, 5
53, 85, 2
53, 93, 1
53, 95, 1
53, 98, 1
53, 102, 1
53, 118, 1
53, 126, 1
53, 127, 1
53, 131, 1
53, 136, 1
53, 141, 3
53, 150, 1
53, 157, 1
53, 163, 1
53, 171, 1
53, 174, 1
53, 177, 1
53, 178, 2
53, 198, 1
53, 204, 1
53, 233, 3
53, 250, 1
53, 258, 2
53, 268, 1
53, 271, 1
53, 281, 1
53, 290, 2
53, 292, 1
53, 296, 2
53, 314, 1
53, 331, 2
53, 335, 1
53, 365, 1
53, 375, 1
53, 388, 1
53, 430, 1
53, 432, 2
53, 449, 1
53, 466, 1
53, 472, 1
53, 475, 1
53, 503, 1
53, 534, 1
53, 538, 5
53, 575, 1
53, 609, 1
53, 611, 1
53, 616, 1
53, 640, 1
53, 683, 1
53, 710, 2
53, 740, 1
53, 756, 1
53, 771, 2
53, 775, 1
53, 778, 2
53, 837, 1
53, 896, 1
53, 1041, 7
53, 1044, 1
53, 1164, 1
53, 1169, 2
53, 1184, 1
53, 1243, 2
53, 1252, 1
53, 1282, 7
53, 1301, 2
53, 1327, 1
53, 1366, 1
53, 1368, 1
53, 1475, 1
53, 1520, 4
53, 1574, 1
53, 1620, 1
53, 1700, 1
53, 1791, 1
53, 2002, 1
53, 2024, 2
53, 2400, 1
53, 2668, 1
53, 2965, 1
53, 2995, 1
53, 3058, 1
53, 3338, 1
53, 3891, 1
53, 4626, 1
53, 4694, 1
53, 4986, 1
53, 5333, 1
53, 7509, 1
53, 8366, 1
53, 8867, 1
53, 9163, 1
53, 9678, 1
53, 10427, 1
54, 2, 3
54, 10, 1
54, 12, 3
54, 14, 1
54, 15, 1
54, 16, 1
54, 20, 1
54, 22, 2
54, 24, 2
54, 26, 5
54, 32, 1
54, 34, 1
54, 37, 3
54, 40, 3
54, 49, 1
54, 50, 1
54, 55, 1
54, 63, 1
54, 68, 1
54, 71, 1
54, 85, 1
54, 95, 14
54, 112, 1
54, 121, 1
54, 122, 2
54, 127, 1
54, 128, 1
54, 134, 2
54, 145, 1
54, 147, 1
54, 152, 2
54, 164, 1
54, 177, 1
54, 178, 2
54, 182, 1
54, 185, 10
54, 189, 1
54, 192, 1
54, 204, 1
54, 209, 2
54, 235, 2
54, 254, 1
54, 264, 1
54, 266, 2
54, 284, 1
54, 285, 1
54, 288, 1
54, 294, 1
54, 317, 2
54, 336, 1
54, 388, 1
54, 410, 1
54, 454, 9
54, 462, 1
54, 559, 1
54, 569, 1
54, 578, 1
54, 589, 4
54, 718, 1
54, 788, 1
54, 792, 1
54, 794, 1
54, 799, 5
54, 896, 2
54, 927, 1
54, 940, 1
54, 990, 2
54, 1016, 1
54, 1017, 1
54, 1062, 1
54, 1108, 1
54, 1112, 1
54, 1221, 1
54, 1246, 1
54, 1250, 1
54, 1270, 1
54, 1416, 1
54, 1550, 1
54, 1572, 1
54, 1573, 2
54, 1574, 1
54, 1620, 1
54, 1906, 1
54, 2027, 1
54, 2214, 1
54, 2233, 1
54, 2295, 1
54, 2343, 1
54, 2691, 1
54, 2838, 1
54, 3456, 1
54, 3733, 1
54, 3787, 1
54, 3912, 1
54, 3978, 2
54, 5402, 1
54, 5705, 2
54, 5740, 2
54, 5786, 1
54, 6766, 1
54, 7187, 1
54, 7450, 1
54, 10355, 1
54, 10506, 1
55, 1, 20
55, 2, 16
55, 3, 4
55, 6, 1
55, 7, 1
55, 8, 2
55, 9, 7
55, 10, 5
55, 11, 8
55, 12, 4
55, 14, 6
55, 15, 3
55, 16, 1
55, 17, 2
55, 19, 2
55, 20, 4
55, 22, 1
55, 23, 1
55, 24, 1
55, 25, 1
55, 26, 1
55, 28, 2
55, 29, 1
55, 30, 6
55, 31, 1
55, 34, 1
55, 38, 3
55, 39, 3
55, 40, 1
55, 42, 2
55, 44, 4
55, 45, 1
55, 50, 3
55, 55, 1
55, 57, 2
55, 58, 7
55, 59, 3
55, 61, 1
55, 63, 3
55, 64, 4
55, 66, 1
55, 67, 6
55, 72, 1
55, 77, 1
55, 79, 2
55, 84, 1
55, 90, 2
55, 91, 1
55, 92, 1
55, 98, 1
55, 99, 2
55, 101, 2
55, 105, 1
55, 106, 1
55, 107, 2
55, 112, 1
55, 113, 2
55, 114, 2
55, 117, 2
55, 118, 1
55, 124, 2
55, 125, 3
55, 126, 2
55, 127, 1
55, 141, 1
55, 143, 1
55, 148, 11
55, 154, 1
55, 156, 1
55, 163, 1
55, 164, 3
55, 176, 1
55, 180, 1
55, 182, 1
55, 184, 1
55, 202, 1
55, 204, 2
55, 205, 1
55, 212, 1
55, 216, 2
55, 221, 2
55, 227, 1
55, 228, 2
55, 247, 1
55, 255, 1
55, 258, 2
55, 259, 2
55, 264, 1
55, 269, 3
55, 271, 1
55, 276, 1
55, 284, 1
55, 287, 4
55, 288, 1
55, 293, 2
55, 298, 1
55, 300, 1
55, 304, 1
55, 308, 2
55, 309, 1
55, 314, 1
55, 319, 1
55, 324, 1
55, 334, 1
55, 335, 2
55, 345, 1
55, 359, 1
55, 365, 1
55, 366, 2
55, 367, 1
55, 372, 1
55, 376, 1
55, 385, 3
55, 389, 1
55, 391, 1
55, 396, 1
55, 397, 1
55, 398, 1
55, 401, 2
55, 402, 1
55, 410, 1
55, 414, 2
55, 419, 1
55, 433, 2
55, 440, 1
55, 443, 1
55, 447, 1
55, 448, 5
55, 449, 1
55, 467, 1
55, 480, 1
55, 481, 2
55, 484, 1
55, 485, 1
55, 495, 1
55, 498, 5
55, 499, 2
55, 511, 1
55, 514, 1
55, 518, 2
55, 523, 7
55, 525, 1
55, 546, 1
55, 550, 1
55, 595, 2
55, 617, 1
55, 652, 2
55, 670, 2
55, 677, 1
55, 693, 1
55, 695, 1
55, 715, 1
55, 750, 7
55, 757, 1
55, 761, 1
55, 779, 4
55, 799, 1
55, 817, 2
55, 829, 1
55, 843, 1
55, 845, 1
55, 850, 1
55, 856, 1
55, 862, 1
55, 914, 1
55, 928, 1
55, 950, 1
55, 967, 1
55, 975, 2
55, 984, 1
55, 1025, 1
55, 1044, 1
55, 1061, 1
55, 1070, 1
55, 1073, 1
55, 1106, 2
55, 1125, 1
55, 1133, 1
55, 1137, 1
55, 1145, 4
55, 1159, 1
55, 1168, 1
55, 1180, 1
55, 1194, 1
55, 1200, 1
55, 1282, 1
55, 1325, 1
55, 1349, 1
55, 1379, 1
55, 1398, 1
55, 1413, 1
55, 1414, 1
55, 1574, 1
55, 1684, 7
55, 1701, 2
55, 1704, 2
55, 1718, 2
55, 1772, 1
55, 1809, 2
55, 1915, 7
55, 1941, 2
55, 2066, 1
55, 2081, 1
55, 2167, 1
55, 2169, 1
55, 2170, 1
55, 2246, 2
55, 2364, 1
55, 2478, 1
55, 2524, 1
55, 2570, 1
55, 2740, 1
55, 2761, 1
55, 2796, 2
55, 2867, 1
55, 3091, 3
55, 3142, 1
55, 3325, 1
55, 3397, 1
55, 3415, 1
55, 3463, 1
55, 3539, 1
55, 3762, 1
55, 3776, 1
55, 3831, 1
55, 3842, 1
55, 4046, 1
55, 4218, 1
55, 4417, 1
55, 4812, 1
55, 4872, 1
55, 4880, 1
55, 5068, 2
55, 5121, 1
55, 5294, 2
55, 5320, 1
55, 5493, 2
55, 5604, 1
55, 6094, 1
55, 6871, 1
55, 7146, 1
55, 8608, 1
55, 9214, 1
55, 9686, 1
55, 10113, 1
55, 10131, 1
55, 10219, 1
55, 10320, 1
55, 10641, 1
56, 1, 2
56, 6, 1
56, 8, 1
56, 12, 2
56, 15, 2
56, 16, 3
56, 18, 4
56, 19, 7
56, 22, 1
56, 27, 1
56, 28, 2
56, 29, 9
56, 30, 1
56, 35, 1
56, 41, 1
56, 45, 7
56, 47, 4
56, 49, 1
56, 53, 1
56, 55, 1
56, 56, 4
56, 71, 1
56, 73, 2
56, 78, 2
56, 79, 1
56, 84, 2
56, 85, 1
56, 93, 1
56, 96, 2
56, 97, 1
56, 105, 1
56, 108, 2
56, 113, 1
56, 114, 3
56, 115, 2
56, 116, 1
56, 118, 1
56, 120, 1
56, 125, 2
56, 135, 1
56, 144, 1
56, 152, 1
56, 154, 8
56, 155, 1
56, 162, 1
56, 180, 1
56, 190, 3
56, 191, 1
56, 211, 2
56, 214, 1
56, 241, 1
56, 259, 1
56, 263, 1
56, 266, 1
56, 270, 1
56, 271, 1
56, 277, 1
56, 293, 1
56, 300, 1
56, 309, 1
56, 323, 2
56, 341, 1
56, 343, 1
56, 344, 1
56, 365, 1
56, 391, 2
56, 405, 1
56, 406, 1
56, 414, 2
56, 430, 1
56, 431, 2
56, 474, 1
56, 480, 1
56, 484, 1
56, 518, 8
56, 534, 1
56, 609, 2
56, 622, 2
56, 624, 1
56, 642, 1
56, 660, 2
56, 779, 1
56, 782, 1
56, 808, 1
56, 823, 2
56, 882, 1
56, 915, 1
56, 959, 1
56, 965, 1
56, 986, 1
56, 1051, 2
56, 1065, 3
56, 1078, 1
56, 1183, 1
56, 1242, 3
56, 1272, 1
56, 1323, 2
56, 1349, 2
56, 1410, 1
56, 1512, 1
56, 1631, 3
56, 1636, 5
56, 1652, 1
56, 1727, 4
56, 1766, 2
56, 1780, 1
56, 1844, 2
56, 1855, 7
56, 1939, 7
56, 1986, 7
56, 1989, 1
56, 2060, 1
56, 2066, 2
56, 2109, 1
56, 2185, 1
56, 2360, 1
56, 2382, 1
56, 2415, 1
56, 2552, 2
56, 2567, 1
56, 2615, 2
56, 2740, 2
56, 3182, 1
56, 3417, 1
56, 3520, 1
56, 3539, 2
56, 3762, 2
56, 3870, 1
56, 3878, 1
56, 4111, 2
56, 4283, 2
56, 4285, 1
56, 4622, 1
56, 4897, 1
56, 5115, 1
56, 5191, 2
56, 5263, 2
56, 5314, 2
56, 5416, 1
56, 5456, 1
56, 5537, 1
56, 5775, 1
56, 6022, 1
56, 6189, 1
56, 6224, 1
56, 6417, 1
56, 6464, 1
56, 6613, 1
56, 6722, 1
56, 6785, 1
56, 7687, 1
56, 8138, 1
56, 8282, 1
56, 8290, 1
56, 8468, 1
56, 8724, 1
56, 9028, 1
56, 9224, 1
56, 9240, 1
56, 10178, 1
56, 10367, 1
56, 10518, 1
56, 10669, 1
56, 10688, 1
56, 10834, 1
56, 10997, 1
56, 11066, 1
56, 11333, 1
57, 1, 18
57, 2, 11
57, 3, 13
57, 6, 8
57, 7, 5
57, 8, 8
57, 9, 6
57, 10, 6
57, 11, 10
57, 12, 1
57, 14, 4
57, 15, 3
57, 16, 3
57, 17, 4
57, 18, 8
57, 19, 1
57, 20, 2
57, 22, 1
57, 23, 2
57, 24, 3
57, 25, 5
57, 26, 1
57, 27, 7
57, 28, 2
57, 29, 2
57, 30, 1
57, 31, 3
57, 32, 2
57, 34, 2
57, 36, 2
57, 37, 2
57, 38, 5
57, 40, 2
57, 42, 5
57, 44, 4
57, 45, 1
57, 46, 1
57, 47, 1
57, 49, 3
57, 50, 2
57, 51, 1
57, 54, 3
57, 55, 2
57, 58, 4
57, 59, 6
57, 60, 1
57, 63, 1
57, 64, 2
57, 65, 1
57, 66, 2
57, 67, 6
57, 68, 1
57, 71, 2
57, 73, 1
57, 75, 1
57, 78, 1
57, 79, 6
57, 80, 1
57, 81, 3
57, 85, 3
57, 86, 2
57, 88, 2
57, 91, 1
57, 92, 4
57, 93, 2
57, 96, 2
57, 99, 5
57, 103, 1
57, 108, 5
57, 109, 1
57, 114, 2
57, 115, 1
57, 116, 1
57, 117, 3
57, 118, 1
57, 121, 3
57, 125, 2
57, 126, 2
57, 127, 1
57, 131, 1
57, 135, 1
57, 136, 1
57, 137, 1
57, 139, 1
57, 140, 1
57, 141, 1
57, 147, 3
57, 151, 1
57, 153, 1
57, 155, 3
57, 158, 1
57, 159, 5
57, 160, 3
57, 162, 1
57, 163, 1
57, 164, 1
57, 170, 1
57, 171, 2
57, 172, 3
57, 173, 1
57, 174, 2
57, 177, 1
57, 179, 1
57, 180, 1
57, 182, 2
57, 183, 2
57, 191, 1
57, 197, 2
57, 201, 3
57, 202, 1
57, 211, 2
57, 220, 1
57, 221, 2
57, 224, 4
57, 228, 1
57, 230, 1
57, 231, 1
57, 241, 1
57, 242, 2
57, 247, 1
57, 250, 1
57, 255, 1
57, 269, 2
57, 270, 2
57, 271, 1
57, 273, 1
57, 274, 1
57, 279, 2
57, 283, 2
57, 285, 1
57, 293, 2
57, 294, 3
57, 295, 1
57, 303, 2
57, 305, 2
57, 313, 1
57, 318, 1
57, 319, 2
57, 323, 1
57, 336, 2
57, 337, 1
57, 340, 1
57, 341, 1
57, 342, 1
57, 352, 1
57, 355, 2
57, 359, 1
57, 364, 1
57, 365, 1
57, 369, 3
57, 379, 1
57, 382, 1
57, 389, 1
57, 400, 1
57, 406, 2
57, 410, 2
57, 413, 1
57, 420, 1
57, 425, 1
57, 430, 1
57, 435, 1
57, 447, 2
57, 449, 1
57, 462, 3
57, 472, 1
57, 478, 2
57, 492, 1
57, 494, 1
57, 501, 4
57, 506, 1
57, 517, 4
57, 523, 1
57, 525, 2
57, 528, 1
57, 534, 4
57, 541, 1
57, 557, 1
57, 574, 3
57, 579, 1
57, 581, 1
57, 604, 1
57, 607, 1
57, 614, 1
57, 615, 1
57, 622, 1
57, 636, 2
57, 637, 3
57, 641, 1
57, 645, 3
57, 664, 2
57, 672, 2
57, 691, 1
57, 701, 3
57, 728, 1
57, 730, 1
57, 752, 1
57, 756, 1
57, 767, 1
57, 787, 1
57, 792, 1
57, 797, 1
57, 811, 2
57, 817, 1
57, 827, 1
57, 832, 1
57, 843, 1
57, 845, 1
57, 871, 1
57, 893, 1
57, 926, 2
57, 944, 1
57, 953, 1
57, 955, 2
57, 978, 1
57, 1043, 1
57, 1053, 1
57, 1062, 1
57, 1103, 2
57, 1113, 1
57, 1114, 2
57, 1143, 1
57, 1155, 1
57, 1156, 1
57, 1193, 1
57, 1194, 1
57, 1222, 1
57, 1223, 1
57, 1225, 1
57, 1249, 1
57, 1299, 1
57, 1300, 1
57, 1381, 1
57, 1392, 1
57, 1412, 1
57, 1461, 2
57, 1474, 1
57, 1476, 1
57, 1493, 1
57, 1504, 1
57, 1544, 1
57, 1545, 1
57, 1579, 2
57, 1586, 1
57, 1619, 1
57, 1698, 1
57, 1700, 1
57, 1722, 1
57, 1723, 1
57, 1740, 1
57, 1779, 3
57, 1805, 1
57, 1811, 1
57, 1877, 1
57, 1903, 1
57, 1905, 1
57, 1994, 1
57, 1996, 1
57, 2028, 1
57, 2038, 1
57, 2056, 2
57, 2086, 1
57, 2108, 1
57, 2130, 1
57, 2174, 1
57, 2180, 1
57, 2192, 1
57, 2193, 1
57, 2266, 1
57, 2360, 1
57, 2368, 1
57, 2370, 1
57, 2487, 1
57, 2520, 1
57, 2594, 1
57, 2597, 1
57, 2624, 1
57, 2667, 1
57, 2805, 1
57, 2830, 1
57, 2846, 2
57, 2924, 1
57, 2927, 2
57, 2968, 1
57, 2969, 1
57, 3237, 1
57, 3438, 1
57, 3470, 1
57, 3628, 1
57, 3631, 1
57, 3893, 1
57, 3896, 1
57, 3956, 1
57, 4127, 1
57, 4167, 1
57, 4346, 1
57, 4401, 1
57, 4533, 1
57, 4678, 1
57, 4715, 1
57, 4743, 1
57, 5012, 1
57, 5065, 1
57, 5207, 1
57, 5214, 1
57, 5579, 1
57, 5599, 1
58, 1, 10
58, 2, 3
58, 3, 15
58, 6, 10
58, 7, 6
58, 8, 4
58, 9, 4
58, 10, 3
58, 11, 2
58, 12, 1
58, 15, 6
58, 16, 1
58, 18, 1
58, 22, 5
58, 23, 3
58, 24, 3
58, 26, 5
58, 27, 3
58, 28, 5
58, 29, 1
58, 30, 3
58, 31, 1
58, 32, 2
58, 35, 1
58, 36, 4
58, 37, 1
58, 40, 7
58, 41, 1
58, 42, 4
58, 47, 1
58, 50, 1
58, 51, 2
58, 52, 1
58, 55, 5
58, 63, 2
58, 65, 1
58, 68, 6
58, 71, 2
58, 73, 1
58, 78, 1
58, 79, 5
58, 80, 1
58, 85, 5
58, 86, 2
58, 89, 2
58, 90, 1
58, 96, 1
58, 97, 18
58, 99, 5
58, 105, 2
58, 110, 1
58, 112, 2
58, 113, 2
58, 115, 1
58, 117, 10
58, 118, 3
58, 120, 2
58, 121, 2
58, 126, 4
58, 128, 1
58, 129, 1
58, 131, 1
58, 141, 1
58, 142, 10
58, 147, 2
58, 152, 1
58, 155, 6
58, 157, 6
58, 158, 2
58, 162, 1
58, 164, 1
58, 165, 1
58, 166, 1
58, 170, 1
58, 178, 1
58, 180, 1
58, 183, 2
58, 185, 1
58, 186, 1
58, 189, 5
58, 197, 1
58, 200, 2
58, 215, 3
58, 223, 1
58, 231, 3
58, 233, 2
58, 236, 2
58, 238, 1
58, 243, 2
58, 244, 1
58, 249, 1
58, 254, 1
58, 260, 1
58, 263, 1
58, 264, 1
58, 270, 1
58, 271, 5
58, 272, 3
58, 280, 2
58, 284, 1
58, 291, 1
58, 297, 2
58, 298, 1
58, 305, 3
58, 312, 1
58, 318, 1
58, 355, 1
58, 359, 1
58, 367, 1
58, 372, 2
58, 378, 1
58, 385, 1
58, 398, 2
58, 400, 1
58, 401, 6
58, 405, 1
58, 410, 1
58, 431, 2
58, 434, 1
58, 438, 5
58, 442, 4
58, 447, 2
58, 462, 1
58, 468, 4
58, 485, 1
58, 486, 1
58, 515, 4
58, 525, 2
58, 528, 2
58, 536, 3
58, 546, 1
58, 550, 3
58, 566, 1
58, 569, 2
58, 601, 2
58, 619, 1
58, 626, 1
58, 642, 3
58, 658, 3
58, 664, 1
58, 711, 1
58, 715, 1
58, 725, 2
58, 727, 1
58, 740, 1
58, 742, 3
58, 750, 2
58, 760, 1
58, 764, 3
58, 781, 1
58, 791, 1
58, 792, 1
58, 796, 1
58, 808, 1
58, 822, 6
58, 856, 1
58, 864, 6
58, 894, 3
58, 920, 1
58, 937, 4
58, 938, 1
58, 1011, 5
58, 1014, 5
58, 1019, 1
58, 1020, 2
58, 1043, 2
58, 1046, 1
58, 1052, 5
58, 1053, 2
58, 1088, 1
58, 1113, 1
58, 1116, 1
58, 1151, 3
58, 1160, 4
58, 1176, 1
58, 1178, 2
58, 1207, 3
58, 1241, 1
58, 1253, 4
58, 1312, 1
58, 1335, 3
58, 1349, 1
58, 1359, 2
58, 1367, 1
58, 1392, 1
58, 1414, 1
58, 1439, 1
58, 1447, 2
58, 1451, 3
58, 1454, 1
58, 1464, 1
58, 1478, 1
58, 1507, 3
58, 1508, 2
58, 1531, 3
58, 1533, 2
58, 1534, 1
58, 1566, 1
58, 1575, 1
58, 1619, 1
58, 1636, 1
58, 1700, 1
58, 1714, 1
58, 1721, 1
58, 1730, 1
58, 1733, 2
58, 1788, 1
58, 1809, 1
58, 1828, 1
58, 1830, 1
58, 1921, 1
58, 1934, 1
58, 2045, 1
58, 2087, 1
58, 2156, 2
58, 2165, 1
58, 2183, 1
58, 2215, 1
58, 2242, 2
58, 2251, 2
58, 2294, 1
58, 2314, 1
58, 2337, 1
58, 2363, 1
58, 2400, 1
58, 2417, 1
58, 2422, 1
58, 2464, 1
58, 2508, 1
58, 2645, 1
58, 2691, 1
58, 2709, 1
58, 2721, 1
58, 2780, 1
58, 2852, 1
58, 2878, 1
58, 2959, 1
58, 3012, 1
58, 3013, 1
58, 3029, 1
58, 3030, 1
58, 3052, 1
58, 3076, 1
58, 3105, 1
58, 3108, 1
58, 3153, 1
58, 3217, 1
58, 3246, 1
58, 3265, 1
58, 3284, 1
58, 3333, 1
58, 3351, 1
58, 3424, 1
58, 3431, 1
58, 3433, 1
58, 3457, 1
58, 3499, 1
58, 3615, 1
58, 3639, 1
58, 3647, 1
58, 3729, 1
58, 3742, 1
58, 3784, 1
58, 3807, 1
58, 3810, 1
58, 3822, 1
58, 3832, 1
58, 3834, 1
58, 3881, 1
58, 3944, 1
58, 3969, 1
58, 4004, 1
58, 4015, 1
58, 8697, 1
59, 1, 1
59, 2, 1
59, 7, 2
59, 10, 2
59, 17, 1
59, 18, 1
59, 19, 2
59, 27, 1
59, 29, 2
59, 38, 1
59, 45, 2
59, 49, 1
59, 51, 1
59, 54, 5
59, 56, 1
59, 64, 1
59, 66, 1
59, 75, 1
59, 81, 1
59, 98, 1
59, 113, 1
59, 124, 1
59, 129, 1
59, 141, 1
59, 171, 1
59, 174, 1
59, 204, 2
59, 211, 1
59, 216, 2
59, 253, 1
59, 283, 1
59, 290, 1
59, 310, 1
59, 338, 1
59, 355, 1
59, 361, 1
59, 364, 1
59, 375, 1
59, 391, 1
59, 474, 1
59, 475, 1
59, 499, 1
59, 603, 1
59, 677, 1
59, 774, 1
59, 806, 1
59, 810, 1
59, 837, 1
59, 844, 2
59, 846, 1
59, 861, 1
59, 878, 1
59, 893, 1
59, 925, 1
59, 957, 1
59, 1009, 1
59, 1017, 2
59, 1021, 1
59, 1096, 1
59, 1195, 1
59, 1352, 2
59, 1391, 1
59, 1581, 1
59, 1584, 2
59, 1879, 1
59, 1922, 7
59, 1952, 1
59, 2071, 1
59, 2086, 1
59, 2128, 1
59, 2140, 1
59, 2170, 1
59, 2204, 1
59, 2441, 1
59, 2670, 2
59, 2734, 1
59, 2905, 2
59, 3144, 2
59, 3488, 2
59, 4221, 2
59, 4284, 1
59, 4297, 2
59, 4377, 1
59, 4621, 2
59, 4645, 1
59, 4675, 2
59, 5449, 2
59, 5717, 2
59, 6401, 1
59, 6574, 1
59, 7759, 1
59, 8206, 1
59, 9009, 1
59, 9188, 1
59, 9208, 1
59, 10950, 1
60, 1, 2
60, 2, 1
60, 3, 1
60, 6, 4
60, 7, 4
60, 9, 1
60, 11, 1
60, 12, 1
60, 15, 3
60, 20, 7
60, 22, 2
60, 23, 1
60, 44, 2
60, 46, 1
60, 49, 1
60, 50, 1
60, 54, 1
60, 59, 1
60, 60, 1
60, 64, 1
60, 65, 2
60, 66, 2
60, 71, 1
60, 79, 1
60, 80, 2
60, 85, 1
60, 86, 2
60, 91, 1
60, 92, 2
60, 93, 1
60, 95, 1
60, 108, 1
60, 118, 1
60, 123, 1
60, 144, 1
60, 151, 4
60, 159, 3
60, 162, 2
60, 172, 2
60, 184, 1
60, 189, 1
60, 191, 1
60, 203, 2
60, 220, 2
60, 288, 1
60, 291, 2
60, 292, 1
60, 302, 1
60, 305, 1
60, 312, 2
60, 318, 1
60, 319, 1
60, 340, 1
60, 347, 1
60, 351, 1
60, 372, 1
60, 389, 1
60, 396, 3
60, 414, 1
60, 419, 1
60, 501, 1
60, 532, 1
60, 574, 1
60, 664, 2
60, 701, 1
60, 746, 1
60, 755, 1
60, 762, 2
60, 838, 1
60, 869, 1
60, 900, 1
60, 984, 1
60, 1017, 1
60, 1051, 1
60, 1072, 1
60, 1116, 1
60, 1137, 1
60, 1156, 1
60, 1161, 1
60, 1244, 2
60, 1302, 1
60, 1374, 1
60, 1539, 1
60, 1693, 1
60, 1737, 1
60, 1865, 1
60, 1963, 1
60, 2028, 1
60, 2238, 1
60, 3192, 1
60, 3995, 1
60, 4322, 1
60, 4324, 1
60, 4374, 1
60, 4418, 2
60, 4611, 2
60, 4643, 1
60, 4720, 1
60, 5001, 1
60, 5434, 1
60, 5535, 1
60, 5614, 1
60, 5998, 1
60, 6081, 1
60, 6486, 1
60, 6517, 1
60, 6742, 1
60, 7438, 1
60, 8009, 1
60, 8131, 1
60, 8691, 1
60, 9144, 1
60, 10767, 1
60, 11205, 1
61, 1, 3
61, 2, 1
61, 7, 1
61, 9, 2
61, 15, 1
61, 18, 2
61, 19, 1
61, 29, 2
61, 42, 1
61, 45, 1
61, 56, 2
61, 57, 1
61, 62, 1
61, 75, 1
61, 97, 1
61, 99, 1
61, 105, 1
61, 108, 1
61, 120, 2
61, 147, 1
61, 203, 1
61, 215, 2
61, 244, 1
61, 254, 1
61, 266, 1
61, 269, 1
61, 290, 1
61, 309, 2
61, 315, 1
61, 321, 1
61, 324, 1
61, 373, 2
61, 506, 1
61, 511, 2
61, 590, 2
61, 660, 1
61, 831, 1
61, 959, 2
61, 1104, 1
61, 1242, 1
61, 1325, 1
61, 1385, 2
61, 1440, 1
61, 2193, 1
61, 2199, 1
61, 2347, 1
61, 2404, 1
61, 2901, 1
61, 4558, 1
61, 5453, 1
61, 5545, 1
61, 9805, 1
62, 1, 2
62, 12, 1
62, 15, 1
62, 18, 1
62, 19, 3
62, 31, 3
62, 34, 1
62, 42, 5
62, 47, 2
62, 50, 1
62, 52, 1
62, 54, 1
62, 58, 2
62, 59, 1
62, 63, 1
62, 65, 1
62, 66, 1
62, 71, 1
62, 75, 1
62, 81, 1
62, 92, 2
62, 93, 1
62, 99, 1
62, 105, 2
62, 108, 2
62, 129, 1
62, 137, 1
62, 148, 1
62, 149, 2
62, 153, 1
62, 174, 1
62, 200, 1
62, 214, 1
62, 241, 3
62, 244, 2
62, 254, 1
62, 260, 1
62, 266, 1
62, 273, 1
62, 283, 1
62, 298, 1
62, 314, 1
62, 321, 1
62, 334, 2
62, 359, 1
62, 371, 1
62, 373, 3
62, 408, 1
62, 432, 1
62, 463, 1
62, 559, 1
62, 575, 1
62, 585, 1
62, 614, 1
62, 688, 1
62, 697, 1
62, 712, 1
62, 744, 1
62, 761, 2
62, 779, 1
62, 806, 1
62, 840, 1
62, 859, 1
62, 869, 1
62, 913, 1
62, 953, 1
62, 1087, 1
62, 1164, 2
62, 1230, 1
62, 1240, 1
62, 1325, 2
62, 1348, 1
62, 1441, 1
62, 1467, 1
62, 1500, 1
62, 1622, 1
62, 1681, 1
62, 1788, 1
62, 1816, 1
62, 1966, 1
62, 2130, 1
62, 2206, 2
62, 2216, 1
62, 2294, 1
62, 2347, 1
62, 2901, 1
62, 3070, 1
62, 3491, 3
62, 3690, 1
62, 5357, 1
62, 5530, 1
62, 5696, 2
62, 6505, 1
62, 8373, 1
62, 9308, 1
62, 10285, 1
62, 11411, 1
63, 1, 15
63, 2, 15
63, 3, 4
63, 6, 5
63, 8, 1
63, 9, 4
63, 10, 1
63, 11, 3
63, 14, 3
63, 15, 1
63, 16, 1
63, 17, 2
63, 18, 1
63, 22, 3
63, 30, 1
63, 36, 2
63, 37, 1
63, 38, 1
63, 42, 1
63, 46, 1
63, 47, 2
63, 50, 2
63, 51, 1
63, 54, 1
63, 56, 1
63, 57, 1
63, 58, 2
63, 60, 2
63, 64, 1
63, 66, 1
63, 67, 2
63, 71, 1
63, 73, 1
63, 82, 1
63, 94, 2
63, 114, 1
63, 121, 1
63, 123, 2
63, 125, 1
63, 144, 2
63, 159, 1
63, 171, 1
63, 181, 1
63, 198, 2
63, 199, 1
63, 201, 2
63, 212, 1
63, 220, 1
63, 224, 1
63, 230, 2
63, 241, 1
63, 256, 1
63, 260, 2
63, 281, 1
63, 282, 1
63, 311, 1
63, 314, 3
63, 318, 1
63, 338, 1
63, 340, 1
63, 352, 1
63, 356, 3
63, 393, 1
63, 410, 3
63, 420, 1
63, 449, 1
63, 460, 3
63, 481, 2
63, 514, 1
63, 558, 1
63, 619, 1
63, 641, 1
63, 645, 1
63, 649, 5
63, 701, 1
63, 714, 1
63, 718, 1
63, 724, 1
63, 755, 1
63, 784, 1
63, 803, 1
63, 874, 1
63, 919, 1
63, 932, 1
63, 984, 1
63, 1237, 2
63, 1266, 1
63, 1339, 1
63, 1356, 1
63, 1366, 1
63, 1565, 1
63, 1568, 4
63, 1584, 1
63, 1660, 2
63, 1734, 3
63, 1821, 1
63, 2091, 1
63, 2174, 1
63, 2248, 1
63, 2271, 1
63, 2361, 1
63, 2741, 1
63, 3062, 1
63, 3142, 1
63, 3146, 1
63, 3223, 2
63, 3377, 2
63, 3526, 1
63, 4664, 2
63, 4744, 1
63, 4886, 1
63, 5585, 1
63, 5792, 2
63, 5853, 1
63, 5876, 1
63, 6364, 1
63, 6792, 1
63, 7364, 1
63, 8020, 1
63, 9025, 1
63, 9478, 1
63, 10319, 1
63, 10729, 1
63, 10965, 1
64, 2, 2
64, 3, 1
64, 7, 2
64, 10, 3
64, 12, 5
64, 13, 1
64, 14, 2
64, 16, 1
64, 22, 2
64, 23, 1
64, 28, 3
64, 30, 4
64, 35, 1
64, 37, 3
64, 40, 1
64, 41, 1
64, 46, 2
64, 55, 20
64, 63, 1
64, 65, 7
64, 67, 1
64, 81, 2
64, 85, 3
64, 86, 1
64, 90, 2
64, 96, 1
64, 107, 4
64, 121, 1
64, 145, 1
64, 151, 1
64, 155, 1
64, 162, 1
64, 164, 1
64, 171, 3
64, 174, 2
64, 177, 1
64, 178, 2
64, 180, 1
64, 194, 1
64, 197, 1
64, 202, 1
64, 211, 1
64, 214, 1
64, 220, 1
64, 230, 1
64, 233, 1
64, 240, 1
64, 242, 1
64, 243, 1
64, 245, 4
64, 253, 2
64, 255, 2
64, 258, 1
64, 273, 1
64, 277, 1
64, 305, 2
64, 318, 1
64, 326, 1
64, 329, 1
64, 332, 1
64, 339, 1
64, 347, 2
64, 393, 4
64, 399, 1
64, 410, 1
64, 415, 4
64, 430, 1
64, 460, 1
64, 508, 4
64, 514, 1
64, 546, 1
64, 558, 1
64, 619, 2
64, 621, 3
64, 640, 1
64, 644, 1
64, 648, 1
64, 657, 1
64, 683, 1
64, 714, 1
64, 724, 1
64, 754, 4
64, 771, 1
64, 783, 1
64, 784, 1
64, 792, 1
64, 808, 2
64, 866, 1
64, 868, 2
64, 878, 1
64, 1042, 2
64, 1178, 1
64, 1195, 1
64, 1231, 1
64, 1252, 1
64, 1364, 4
64, 1389, 1
64, 1438, 1
64, 1683, 3
64, 1766, 1
64, 1846, 2
64, 1906, 1
64, 1927, 2
64, 2095, 2
64, 2118, 1
64, 2259, 1
64, 2290, 2
64, 2351, 1
64, 2393, 1
64, 2464, 1
64, 2473, 1
64, 2488, 1
64, 2647, 2
64, 2898, 1
64, 2965, 1
64, 3116, 1
64, 3203, 2
64, 3377, 1
64, 3483, 1
64, 3659, 2
64, 3733, 2
64, 3978, 1
64, 3986, 1
64, 4028, 1
64, 4029, 1
64, 4259, 1
64, 4436, 2
64, 4609, 2
64, 4694, 1
64, 4848, 1
64, 5590, 1
64, 5708, 1
64, 6477, 1
64, 6726, 1
64, 7590, 1
64, 8278, 1
64, 8337, 1
64, 8405, 1
64, 8450, 1
64, 9000, 1
64, 9056, 1
64, 9311, 1
64, 9505, 1
64, 9580, 1
65, 7, 1
65, 18, 3
65, 19, 2
65, 29, 2
65, 36, 1
65, 45, 2
65, 56, 2
65, 68, 1
65, 80, 1
65, 116, 1
65, 149, 1
65, 215, 1
65, 303, 1
65, 309, 1
65, 344, 3
65, 345, 1
65, 402, 1
65, 810, 1
65, 1367, 1
65, 2075, 1
65, 2639, 1
65, 2812, 1
65, 3859, 1
65, 5692, 1
65, 5906, 1
65, 6563, 1
65, 9851, 1
65, 11038, 1
66, 1, 12
66, 2, 5
66, 3, 10
66, 5, 1
66, 6, 7
66, 7, 11
66, 8, 1
66, 9, 3
66, 10, 2
66, 11, 1
66, 12, 13
66, 13, 10
66, 14, 1
66, 15, 3
66, 16, 1
66, 17, 1
66, 22, 2
66, 23, 3
66, 26, 7
66, 27, 2
66, 28, 7
66, 29, 1
66, 30, 3
66, 31, 10
66, 32, 1
66, 35, 1
66, 36, 1
66, 37, 1
66, 38, 3
66, 39, 4
66, 40, 6
66, 41, 1
66, 42, 2
66, 44, 5
66, 46, 2
66, 49, 1
66, 51, 1
66, 52, 1
66, 55, 7
66, 56, 2
66, 57, 1
66, 63, 3
66, 67, 1
66, 71, 3
66, 72, 1
66, 73, 1
66, 79, 6
66, 80, 2
66, 85, 3
66, 88, 2
66, 90, 1
66, 91, 1
66, 96, 1
66, 99, 2
66, 101, 2
66, 105, 2
66, 110, 2
66, 112, 1
66, 115, 3
66, 117, 6
66, 118, 3
66, 121, 2
66, 126, 3
66, 129, 1
66, 131, 1
66, 133, 1
66, 135, 1
66, 136, 2
66, 142, 1
66, 147, 2
66, 148, 3
66, 152, 1
66, 155, 5
66, 157, 6
66, 158, 2
66, 160, 2
66, 162, 1
66, 164, 1
66, 165, 2
66, 170, 1
66, 171, 1
66, 176, 5
66, 177, 2
66, 180, 1
66, 182, 1
66, 183, 2
66, 191, 3
66, 192, 2
66, 197, 2
66, 200, 1
66, 203, 1
66, 206, 1
66, 213, 1
66, 233, 1
66, 236, 2
66, 237, 2
66, 242, 1
66, 244, 1
66, 250, 1
66, 252, 2
66, 269, 2
66, 271, 2
66, 280, 1
66, 284, 1
66, 296, 1
66, 298, 1
66, 305, 3
66, 317, 2
66, 318, 1
66, 325, 1
66, 326, 1
66, 329, 2
66, 334, 1
66, 339, 1
66, 342, 2
66, 351, 1
66, 352, 1
66, 355, 1
66, 356, 1
66, 357, 1
66, 368, 1
66, 372, 4
66, 379, 2
66, 385, 1
66, 388, 1
66, 399, 2
66, 401, 3
66, 402, 1
66, 410, 1
66, 415, 1
66, 420, 1
66, 423, 1
66, 428, 1
66, 435, 1
66, 447, 2
66, 454, 1
66, 465, 1
66, 474, 1
66, 481, 1
66, 483, 1
66, 486, 1
66, 494, 1
66, 498, 1
66, 508, 1
66, 509, 1
66, 511, 1
66, 523, 1
66, 524, 1
66, 525, 2
66, 528, 1
66, 529, 2
66, 546, 2
66, 557, 1
66, 564, 1
66, 569, 2
66, 572, 2
66, 575, 1
66, 593, 2
66, 601, 1
66, 619, 1
66, 636, 1
66, 663, 1
66, 665, 1
66, 683, 1
66, 691, 1
66, 698, 1
66, 711, 4
66, 715, 2
66, 724, 1
66, 728, 1
66, 760, 1
66, 764, 2
66, 792, 1
66, 824, 1
66, 833, 1
66, 841, 2
66, 856, 1
66, 859, 1
66, 866, 1
66, 870, 1
66, 888, 1
66, 928, 1
66, 938, 2
66, 1006, 1
66, 1008, 1
66, 1053, 1
66, 1061, 1
66, 1079, 1
66, 1083, 1
66, 1088, 2
66, 1104, 1
66, 1106, 1
66, 1113, 1
66, 1123, 1
66, 1136, 1
66, 1145, 1
66, 1151, 4
66, 1209, 2
66, 1219, 3
66, 1279, 1
66, 1288, 2
66, 1295, 1
66, 1300, 1
66, 1340, 1
66, 1349, 1
66, 1357, 1
66, 1362, 1
66, 1388, 1
66, 1413, 2
66, 1414, 1
66, 1419, 2
66, 1438, 1
66, 1454, 1
66, 1510, 1
66, 1519, 1
66, 1523, 3
66, 1532, 2
66, 1533, 1
66, 1558, 1
66, 1560, 3
66, 1585, 1
66, 1615, 1
66, 1619, 1
66, 1630, 1
66, 1693, 1
66, 1700, 1
66, 1707, 1
66, 1726, 1
66, 1733, 1
66, 1787, 1
66, 1833, 3
66, 1841, 1
66, 1879, 1
66, 1944, 2
66, 1958, 1
66, 1981, 1
66, 2023, 1
66, 2045, 2
66, 2098, 1
66, 2124, 1
66, 2149, 1
66, 2176, 1
66, 2230, 1
66, 2238, 2
66, 2249, 1
66, 2271, 1
66, 2285, 1
66, 2289, 3
66, 2298, 1
66, 2318, 1
66, 2337, 1
66, 2370, 1
66, 2507, 1
66, 2542, 1
66, 2599, 1
66, 2601, 5
66, 2624, 1
66, 2632, 1
66, 2647, 1
66, 2677, 1
66, 2788, 1
66, 2821, 1
66, 2984, 1
66, 3027, 1
66, 3030, 1
66, 3369, 1
66, 3422, 2
66, 3479, 1
66, 3858, 1
66, 3912, 1
66, 3931, 1
66, 3963, 1
66, 4002, 1
66, 4029, 1
66, 4169, 1
66, 4324, 1
66, 4519, 1
66, 4596, 1
66, 4646, 1
66, 4796, 1
66, 4853, 2
66, 5145, 2
66, 5280, 1
66, 5448, 1
66, 5498, 1
66, 5767, 1
66, 5808, 1
66, 5840, 1
66, 6092, 1
66, 6537, 1
66, 6705, 1
66, 6805, 1
66, 7183, 1
66, 7654, 1
66, 8028, 1
66, 8683, 1
66, 8709, 1
66, 9074, 1
66, 9091, 1
66, 9270, 1
66, 9331, 1
66, 9606, 1
66, 9664, 1
66, 10160, 1
66, 10448, 1
66, 10458, 1
66, 10882, 1
66, 11206, 1
67, 1, 4
67, 2, 2
67, 6, 1
67, 7, 1
67, 8, 1
67, 10, 1
67, 11, 1
67, 12, 2
67, 15, 1
67, 17, 2
67, 18, 2
67, 19, 6
67, 20, 2
67, 22, 1
67, 23, 1
67, 29, 2
67, 30, 1
67, 40, 1
67, 42, 1
67, 45, 2
67, 46, 2
67, 47, 1
67, 49, 1
67, 50, 1
67, 52, 1
67, 63, 3
67, 65, 1
67, 75, 2
67, 81, 3
67, 84, 1
67, 91, 1
67, 96, 1
67, 99, 1
67, 102, 1
67, 107, 1
67, 108, 1
67, 114, 1
67, 124, 1
67, 126, 1
67, 131, 1
67, 138, 1
67, 141, 2
67, 144, 1
67, 150, 1
67, 151, 1
67, 170, 1
67, 178, 1
67, 183, 4
67, 198, 1
67, 205, 4
67, 214, 1
67, 220, 1
67, 221, 1
67, 230, 1
67, 259, 1
67, 266, 2
67, 273, 1
67, 284, 2
67, 285, 2
67, 301, 1
67, 309, 1
67, 314, 1
67, 337, 1
67, 347, 1
67, 357, 1
67, 371, 2
67, 404, 1
67, 437, 1
67, 448, 1
67, 460, 2
67, 466, 1
67, 537, 1
67, 559, 1
67, 562, 1
67, 579, 1
67, 585, 1
67, 586, 4
67, 627, 1
67, 652, 1
67, 688, 1
67, 710, 1
67, 783, 1
67, 797, 1
67, 805, 2
67, 896, 3
67, 913, 1
67, 922, 2
67, 997, 1
67, 1008, 1
67, 1016, 1
67, 1029, 1
67, 1046, 1
67, 1087, 3
67, 1121, 1
67, 1230, 2
67, 1243, 1
67, 1283, 1
67, 1302, 1
67, 1325, 1
67, 1441, 1
67, 1467, 1
67, 1549, 1
67, 1693, 1
67, 1718, 1
67, 1768, 1
67, 1791, 1
67, 1867, 1
67, 2060, 1
67, 2216, 1
67, 2312, 1
67, 2378, 1
67, 2498, 1
67, 2937, 1
67, 2958, 1
67, 3070, 1
67, 3255, 1
67, 3438, 1
67, 3447, 1
67, 3521, 3
67, 3677, 1
67, 3727, 1
67, 3817, 1
67, 3851, 1
67, 4083, 1
67, 4272, 1
67, 4287, 1
67, 4891, 1
67, 5061, 2
67, 5090, 1
67, 5907, 1
67, 7407, 1
67, 8143, 1
67, 9377, 1
67, 10333, 1
67, 11002, 1
68, 7, 1
68, 19, 1
68, 39, 1
68, 49, 1
68, 164, 1
68, 205, 1
68, 215, 1
68, 268, 1
68, 310, 1
68, 312, 1
68, 514, 1
68, 551, 1
68, 810, 1
68, 2645, 1
68, 5590, 1
68, 6248, 1
68, 7548, 1
69, 15, 1
69, 17, 1
69, 20, 1
69, 23, 2
69, 39, 1
69, 46, 1
69, 50, 1
69, 79, 1
69, 81, 2
69, 86, 1
69, 108, 1
69, 116, 1
69, 120, 1
69, 157, 1
69, 250, 1
69, 272, 1
69, 325, 1
69, 331, 1
69, 337, 1
69, 475, 1
69, 607, 1
69, 642, 1
69, 710, 1
69, 898, 1
69, 1042, 1
69, 1053, 1
69, 1270, 1
69, 1291, 2
69, 1370, 3
69, 2491, 1
69, 3986, 1
70, 6, 1
70, 8, 1
70, 15, 1
70, 18, 4
70, 19, 2
70, 31, 1
70, 56, 9
70, 66, 4
70, 80, 2
70, 123, 1
70, 194, 1
70, 202, 2
70, 204, 2
70, 217, 1
70, 269, 1
70, 319, 1
70, 391, 1
70, 419, 1
70, 429, 1
70, 430, 2
70, 433, 2
70, 506, 1
70, 727, 1
70, 787, 1
70, 1217, 1
70, 1241, 1
70, 1478, 1
70, 1788, 1
70, 2127, 2
70, 2229, 2
70, 2869, 1
70, 3383, 1
70, 4734, 2
70, 8364, 1
70, 10943, 1
